0.211325	0.211325	0	
0	-0	-0	0
1000	-1.30198e-12	-1799.16	0
2000	-9.44933e-12	-6910.89	0
3000	-7.72637e-12	-14320.5	0
4000	2.00846e-11	-22607.2	0
5000	-9.65121e-12	-30229.2	0
6000	-1.12213e-11	-35811.7	0
7000	-1.01994e-11	-38381.9	0
8000	-2.96223e-11	-37521.3	0
9000	1.24754e-11	-33421.1	0
10000	6.54059e-13	-26840	0
11000	-1.124e-11	-18972.3	0
12000	-2.52813e-11	-11240.6	0
13000	-2.31388e-11	-5043.14	0
14000	2.70328e-11	-1496.03	0
15000	-9.15045e-12	-1222.33	0
16000	-1.03678e-11	-4236.32	0
17000	-1.97698e-11	-9950.45	0
18000	1.42937e-11	-17301.5	0
19000	2.93624e-11	-24962.4	0
20000	-1.3746e-11	-31589.4	0
21000	6.28555e-12	-36053.9	0
22000	-3.15537e-11	-37623	0
23000	3.30446e-11	-36065.5	0
24000	3.76995e-11	-31677.7	0
25000	-1.8817e-11	-25228.9	0
26000	-1.71152e-11	-17833.9	0
27000	-2.31862e-11	-10767.8	0
28000	-1.55046e-11	-5248.56	0
29000	4.25804e-11	-2222.12	0
30000	-2.59433e-11	-2192.27	0
31000	-3.71145e-11	-5132.27	0
32000	-4.20557e-11	-10498.1	0
33000	-6.13835e-11	-17338.7	0
34000	2.08397e-11	-24476	0
35000	6.68323e-12	-30714	0
36000	-5.95287e-11	-35036.1	0
37000	-1.52734e-11	-36761.4	0
38000	-7.39808e-11	-35640.7	0
39000	-3.43039e-11	-31884.8	0
40000	-2.78604e-12	-26125.9	0
41000	-8.05063e-11	-19316.9	0
42000	-8.42499e-11	-12580.3	0
43000	-3.72149e-11	-7025.86	0
44000	-3.52569e-11	-3565.15	0
45000	4.61058e-11	-2755.27	0
46000	-1.08587e-12	-4704.43	0
47000	-1.1331e-10	-9058.86	0
48000	-2.66186e-11	-15073.5	0
49000	-4.94643e-12	-21748.7	0
50000	2.66788e-11	-28003.5	0
51000	6.1178e-11	-32851.1	0
52000	-1.15757e-10	-35548.3	0
53000	-4.56888e-11	-35700.3	0
54000	1.30694e-11	-33310.7	0
55000	-4.81135e-12	-28774.1	0
56000	7.79884e-11	-22813.9	0
57000	-6.89062e-11	-16372.8	0
58000	-8.83653e-11	-10467.8	0
59000	5.5248e-11	-6029.79	0
60000	-4.97077e-13	-3752.82	0
61000	8.61632e-11	-3980.19	0
62000	3.76278e-11	-6650.36	0
63000	-1.32996e-10	-11313.3	0
64000	4.3731e-11	-17212.7	0
65000	2.17211e-11	-23416.7	0
66000	4.24486e-11	-28968.6	0
67000	9.17143e-11	-33033.5	0
68000	-1.06635e-10	-35017.8	0
69000	-2.98675e-12	-34647.9	0
70000	5.61216e-11	-32002.8	0
71000	-7.28517e-14	-27497.3	0
72000	5.44185e-11	-21820	0
73000	-2.6779e-11	-15833.3	0
74000	-1.29467e-10	-10444.7	0
75000	4.19796e-11	-6469.65	0
76000	3.90936e-12	-4504.01	0
77000	9.33293e-12	-4830.68	0
78000	3.75483e-11	-7377.15	0
79000	-1.09684e-10	-11732.2	0
80000	-2.89005e-11	-17218	0
81000	5.13897e-11	-23001.3	0
82000	2.46927e-11	-28223.9	0
83000	4.95179e-11	-32128.9	0
84000	-7.42318e-11	-34165.7	0
85000	-1.92548e-11	-34061	0
86000	3.91131e-11	-31851.2	0
87000	9.57354e-13	-27872.1	0
88000	7.47871e-11	-22710.8	0
89000	-5.59992e-11	-17122.7	0
90000	-8.54402e-11	-11923.6	0
91000	4.59824e-11	-7871.35	0
92000	-4.21363e-11	-5552.5	0
93000	5.40208e-11	-5293.85	0
94000	-1.67752e-12	-7114.24	0
95000	-1.0496e-10	-10725.5	0
96000	1.43142e-11	-15582	0
97000	1.22039e-12	-20968	0
98000	2.42789e-11	-26107.1	0
99000	6.26245e-11	-30274.8	0
100000	-4.49488e-11	-32897.4	0
101000	-2.57212e-11	-33626	0
102000	2.08288e-11	-32378.5	0
103000	2.22127e-11	-29345.5	0
104000	4.76059e-11	-24962.8	0
105000	-1.26417e-11	-19851.2	0
106000	-2.3875e-11	-14731.7	0
107000	1.29973e-11	-10325.3	0
108000	3.21742e-11	-7250.24	0
109000	9.3177e-11	-5932.71	0
110000	9.98089e-12	-6544.75	0
111000	-2.6602e-11	-8981.36	0
112000	-9.66107e-12	-12879.9	0
113000	3.92557e-11	-17677.9	0
114000	9.34013e-11	-22698.2	0
115000	6.0306e-11	-27247.1	0
116000	4.28115e-12	-30709	0
117000	-2.85516e-11	-32626.8	0
118000	3.04146e-11	-32758.1	0
119000	7.77187e-11	-31102	0
120000	8.56221e-11	-27896	0
121000	5.14514e-11	-23583.6	0
122000	-4.11782e-11	-18755	0
123000	-8.76905e-12	-14068.9	0
124000	7.6768e-11	-10163.7	0
125000	6.5374e-11	-7568.6	0
126000	7.39651e-11	-6629.84	0
127000	-1.35781e-12	-7462.36	0
128000	-9.61034e-11	-9935.59	0
129000	5.90861e-11	-13695.5	0
130000	6.78168e-11	-18218.7	0
131000	7.70429e-11	-22888.3	0
132000	8.5705e-11	-27080.2	0
133000	-8.83739e-11	-30245.2	0
134000	1.43474e-12	-31978.3	0
135000	6.42377e-11	-32067.3	0
136000	7.89141e-11	-30515.6	0
137000	1.53425e-10	-27538.9	0
138000	-8.83344e-12	-23536.6	0
139000	-6.24443e-11	-19040.4	0
140000	3.38039e-11	-14645.4	0
141000	5.05418e-11	-10932.1	0
142000	1.71906e-10	-8388.83	0
143000	1.08594e-10	-7345.39	0
144000	-9.15887e-11	-7928.52	0
145000	8.68487e-12	-10046.1	0
146000	1.88598e-11	-13402.9	0
147000	1.35626e-10	-17544.1	0
148000	1.88467e-10	-21919.9	0
149000	-2.5051e-12	-25960.3	0
150000	-3.89391e-11	-29148.7	0
151000	-5.90139e-12	-31086.4	0
152000	3.20384e-11	-31539	0
153000	1.92282e-10	-30462.5	0
154000	8.5044e-11	-28006	0
155000	-4.91087e-11	-24491.8	0
156000	-9.94198e-12	-20374.4	0
157000	-1.00508e-12	-16184.4	0
158000	1.01456e-10	-12459.9	0
159000	1.69982e-10	-9678.18	0
160000	1.81603e-11	-8192.03	0
161000	3.00489e-12	-8183.86	0
162000	-4.62954e-11	-9642.28	0
163000	-1.90295e-11	-12365.8	0
164000	1.58285e-10	-15992.3	0
165000	7.39795e-11	-20050.1	0
166000	-8.44165e-12	-24020.7	0
167000	-3.93776e-12	-27405.6	0
168000	-9.78915e-11	-29788.2	0
169000	4.19298e-11	-30882	0
170000	1.63712e-10	-30563.5	0
171000	3.07522e-11	-28884	0
172000	1.99863e-11	-26061.5	0
173000	-4.03446e-11	-22453.8	0
174000	-7.89425e-11	-18514.7	0
175000	1.36693e-10	-14738	0
176000	1.02542e-10	-11595.9	0
177000	2.52102e-11	-9479.36	0
178000	1.94127e-11	-8647.72	0
179000	-1.09181e-10	-9195.8	0
180000	6.94643e-12	-11042.9	0
181000	1.27345e-10	-13945.3	0
182000	2.77605e-11	-17530.6	0
183000	4.7615e-11	-21346.8	0
184000	-4.78152e-11	-24921.3	0
185000	-1.09078e-10	-27818.9	0
186000	9.37627e-11	-29693.5	0
187000	5.99519e-11	-30327.3	0
188000	4.33428e-11	-29654.5	0
189000	7.00719e-11	-27766.9	0
190000	-1.39375e-10	-24901.5	0
191000	-4.10005e-11	-21412.1	0
192000	1.16608e-10	-17726.7	0
193000	4.29472e-11	-14296.4	0
194000	1.29001e-10	-11539.6	0
195000	1.63461e-11	-9790.44	0
196000	-1.20161e-10	-9257.02	0
197000	5.13443e-11	-9995.54	0
198000	4.99977e-11	-11904.6	0
199000	8.96048e-11	-14739.8	0
200000	1.22832e-10	-18146.9	0
201000	-8.46324e-11	-21707.6	0
202000	-5.13572e-11	-24991.7	0
203000	4.43501e-11	-27608.7	0
204000	2.33676e-11	-29253.4	0
205000	1.48354e-10	-29739.6	0
206000	4.36518e-11	-29019.6	0
207000	-8.63842e-11	-27187.7	0
208000	5.03752e-12	-24468.8	0
209000	-6.11184e-12	-21191.1	0
210000	7.22822e-11	-17748.3	0
211000	1.64866e-10	-14552.5	0
212000	-1.19779e-11	-11985.1	0
213000	-3.4028e-11	-10350.5	0
214000	2.13744e-11	-9839.04	0
215000	-1.29147e-11	-10503.6	0
216000	1.37085e-10	-12254.8	0
217000	1.04549e-10	-14873.2	0
218000	-1.95991e-11	-18038.4	0
219000	9.39873e-12	-21369.6	0
220000	-2.72766e-11	-24472	0
221000	4.43482e-11	-26983.9	0
222000	1.30738e-10	-28617.5	0
223000	6.42296e-11	-29190.4	0
224000	-1.19206e-13	-28644.9	0
225000	-2.91001e-11	-27053	0
226000	-2.41141e-11	-24606.7	0
227000	5.04835e-11	-21596.1	0
228000	1.21658e-10	-18376	0
229000	7.45311e-11	-15324.3	0
230000	-3.82227e-12	-12798.5	0
231000	-4.29604e-11	-11092.6	0
232000	-4.93801e-12	-10402.1	0
233000	7.65023e-11	-10801.1	0
234000	1.21879e-10	-12234	0
235000	5.58941e-11	-14523.6	0
236000	2.61972e-12	-17394.1	0
237000	-5.9328e-11	-20505.4	0
238000	-1.34999e-11	-23494.6	0
239000	6.70871e-11	-26018	0
240000	5.97747e-11	-27790.1	0
241000	4.31932e-11	-28614.7	0
242000	-1.14003e-11	-28405.7	0
243000	-8.37662e-11	-27194.8	0
244000	1.61446e-11	-25127.1	0
245000	7.75126e-11	-22444.5	0
246000	6.15493e-11	-19457.9	0
247000	6.85765e-11	-16512	0
248000	-2.99565e-11	-13946	0
249000	-3.4691e-11	-12053.9	0
250000	4.55362e-11	-11050.4	0
251000	6.97842e-11	-11045.6	0
252000	8.05903e-11	-12032.4	0
253000	3.99184e-11	-13888.8	0
254000	-5.77881e-11	-16393.4	0
255000	-5.88023e-11	-19253.1	0
256000	2.17985e-11	-22137.8	0
257000	3.44499e-11	-24719.5	0
258000	1.00308e-10	-26708.7	0
259000	1.93926e-11	-27886.6	0
260000	-7.16072e-11	-28127.3	0
261000	-1.31192e-11	-27411.2	0
262000	2.65446e-12	-25825.6	0
263000	4.88439e-11	-23554.3	0
264000	1.12768e-10	-20857.2	0
265000	-7.86759e-12	-18041.3	0
266000	-2.35626e-11	-15425.9	0
267000	-1.4908e-11	-13306.6	0
268000	2.13168e-12	-11921.4	0
269000	7.18704e-11	-11423.3	0
270000	6.34214e-11	-11862.7	0
271000	-6.12862e-12	-13182.4	0
272000	-4.44369e-11	-15225.3	0
273000	-3.70494e-11	-17754.1	0
274000	1.85866e-11	-20479.3	0
275000	5.41364e-11	-23093.2	0
276000	6.37894e-11	-25304.9	0
277000	-2.52098e-11	-26871.6	0
278000	-7.55792e-11	-27625	0
279000	-8.4301e-12	-27488.1	0
280000	6.30342e-12	-26482.6	0
281000	6.68382e-11	-24725.8	0
282000	1.00693e-10	-22417.3	0
283000	-1.89433e-11	-19816.5	0
284000	-4.15434e-11	-17214.8	0
285000	2.6933e-11	-14902.7	0
286000	2.44957e-11	-13137.1	0
287000	1.1976e-10	-12112.7	0
288000	1.05866e-10	-11939.4	0
289000	-1.80041e-11	-12630.6	0
290000	-1.77721e-11	-14102.2	0
291000	-2.56763e-11	-16183.2	0
292000	3.97286e-11	-18636.8	0
293000	1.39993e-10	-21187.1	0
294000	6.85143e-11	-23551.4	0
295000	2.02768e-11	-25471	0
296000	2.90481e-12	-26739.1	0
297000	-2.73485e-11	-27222.2	0
298000	6.89911e-11	-26873.4	0
299000	1.11004e-10	-25736.9	0
300000	5.51979e-11	-23942.1	0
301000	4.51561e-11	-21689.5	0
302000	-2.42566e-11	-19228.8	0
303000	-1.49301e-11	-16831.8	0
304000	9.21639e-11	-14762.4	0
305000	7.54643e-11	-13247.1	0
306000	5.58434e-11	-12450.3	0
307000	4.17629e-11	-12455.3	0
308000	-4.59598e-11	-13255.9	0
309000	2.42395e-11	-14757.4	0
310000	9.69188e-11	-16788.6	0
311000	8.13646e-11	-19121.9	0
312000	8.62089e-11	-21499	0
313000	1.16157e-11	-23660.2	0
314000	-6.45602e-11	-25372.4	0
315000	2.81458e-11	-26453.7	0
316000	4.31369e-11	-26792.2	0
317000	8.37245e-11	-26356.9	0
318000	9.33868e-11	-25200.2	0
319000	-2.56435e-11	-23451.8	0
320000	-1.24749e-11	-21304.3	0
321000	5.10737e-11	-18993.1	0
322000	1.29824e-11	-16770.3	0
323000	1.40454e-10	-14877.5	0
324000	6.95108e-11	-13519.3	0
325000	-1.29321e-11	-12841	0
326000	3.47561e-11	-12912.2	0
327000	-2.23154e-11	-13719.9	0
328000	6.41774e-11	-15170.1	0
329000	1.48227e-10	-17099.9	0
330000	2.0495e-11	-19295.7	0
331000	3.58403e-11	-21517.4	0
332000	2.19206e-11	-23525.2	0
333000	-4.78692e-11	-25105	0
334000	1.04688e-10	-26090.9	0
335000	1.00501e-10	-26381.9	0
336000	2.40881e-11	-25952.1	0
337000	7.52387e-11	-24852.3	0
338000	-3.27248e-11	-23204.6	0
339000	-2.1071e-13	-21188.5	0
340000	1.54737e-10	-19022.6	0
341000	6.49762e-11	-16940.7	0
342000	8.30434e-11	-15166.7	0
343000	1.02371e-10	-13890.3	0
344000	-5.84715e-11	-13246.4	0
345000	6.86438e-11	-13300.6	0
346000	1.08527e-10	-14042.2	0
347000	4.57603e-11	-15385.8	0
348000	1.45453e-10	-17182	0
349000	1.88724e-11	-19234	0
350000	-4.88393e-11	-21319.7	0
351000	1.17199e-10	-23216.1	0
352000	1.32896e-11	-24722.7	0
353000	8.7e-11	-25682.6	0
354000	1.18159e-10	-25998.3	0
355000	-4.82753e-11	-25640.9	0
356000	1.57521e-11	-24653	0
357000	3.97465e-11	-23143.2	0
358000	3.19899e-12	-21274.7	0
359000	1.1191e-10	-19248.4	0
360000	4.41388e-11	-17280.8	0
361000	-3.22079e-11	-15581.6	0
362000	4.38641e-12	-14331	0
363000	-4.34348e-11	-13660	0
364000	5.05126e-11	-13636.9	0
365000	9.60339e-11	-14259.6	0
366000	-2.88869e-12	-15456.9	0
367000	1.25245e-11	-17096.3	0
368000	-5.90291e-11	-18999.9	0
369000	-6.46183e-11	-20963.1	0
370000	5.76422e-11	-22777.6	0
371000	2.20405e-11	-24252.9	0
372000	3.06059e-12	-25236.2	0
373000	1.43216e-11	-25628	0
374000	-8.40467e-11	-25391.2	0
375000	-3.88938e-11	-24555.1	0
376000	5.47231e-11	-23211.3	0
377000	2.56566e-11	-21504.3	0
378000	5.5917e-11	-19616	0
379000	-1.22277e-11	-17746.7	0
380000	-6.63384e-11	-16094	0
381000	3.71592e-12	-14831.9	0
382000	1.53017e-11	-14091.8	0
383000	2.7647e-11	-13949.1	0
384000	5.92545e-11	-14414.9	0
385000	-3.95008e-11	-15435.5	0
386000	-6.67774e-11	-16898.5	0
387000	-8.37339e-12	-18645.9	0
388000	-3.06902e-11	-20491.2	0
389000	4.50518e-11	-22239.7	0
390000	4.91486e-11	-23708.6	0
391000	-6.86115e-11	-24746.7	0
392000	-4.04256e-11	-25248.6	0
393000	-4.58191e-11	-25166	0
394000	-6.14639e-11	-24511.5	0
395000	8.01497e-11	-23357	0
396000	3.4013e-11	-21826	0
397000	-6.02678e-11	-20080.8	0
398000	-1.03511e-12	-18305.2	0
399000	-9.93955e-11	-16685.9	0
400000	-4.78416e-11	-15392	0
401000	8.99196e-11	-14557.8	0
402000	-3.49842e-11	-14268.3	0
403000	-4.70699e-12	-14550.4	0
404000	3.23577e-12	-15370.5	0
405000	-1.45986e-10	-16638.4	0
406000	1.64689e-11	-18217.6	0
407000	5.41561e-11	-19940.3	0
408000	-6.13826e-11	-21625.3	0
409000	6.31189e-11	-23097.5	0
410000	-5.50277e-11	-24205.4	0
411000	-1.39532e-10	-24836.7	0
412000	7.18168e-11	-24929.6	0
413000	-3.4485e-11	-24478.1	0
414000	-3.14288e-11	-23532.5	0
415000	5.45892e-11	-22193.8	0
416000	-1.25969e-10	-20603.4	0
417000	-6.16556e-11	-18928	0
418000	4.63296e-11	-17342.4	0
419000	-6.92789e-11	-16011.6	0
420000	2.94421e-11	-15073.2	0
421000	9.17511e-12	-14622.8	0
422000	-1.20467e-10	-14704.5	0
423000	-1.43618e-12	-15306.1	0
424000	-4.52476e-11	-16361.2	0
425000	-4.75246e-11	-17756.1	0
426000	7.36819e-11	-19343.2	0
427000	-5.18143e-11	-20956.1	0
428000	-8.3875e-11	-22427.4	0
429000	-1.34096e-11	-23606	0
430000	-8.77016e-11	-24372.5	0
431000	2.83643e-11	-24651	0
432000	4.68113e-11	-24416.1	0
433000	-7.19933e-11	-23695.4	0
434000	-3.26504e-11	-22566.1	0
435000	-7.71041e-11	-21147.3	0
436000	-6.31034e-11	-19587	0
437000	3.96359e-11	-18047.4	0
438000	-9.57581e-12	-16688	0
439000	-2.38402e-11	-15648.7	0
440000	-1.8076e-11	-15035.6	0
441000	-1.10884e-10	-14909.8	0
442000	-3.72189e-11	-15281.1	0
443000	5.04266e-11	-16107.6	0
444000	-1.1848e-11	-17300.2	0
445000	3.35883e-11	-18732.7	0
446000	-4.11196e-11	-20255.1	0
447000	-8.83238e-11	-21709.8	0
448000	-1.92382e-11	-22947.5	0
449000	9.10712e-12	-23842.7	0
450000	3.54355e-11	-24306	0
451000	5.22753e-11	-24293.1	0
452000	-3.4319e-11	-23808.5	0
453000	-7.39398e-11	-22904.7	0
454000	-2.86888e-11	-21677	0
455000	3.67338e-12	-20253.4	0
456000	4.95087e-11	-18781.3	0
457000	3.9891e-11	-17412.5	0
458000	-2.47293e-11	-16287.6	0
459000	-3.68677e-11	-15521.4	0
460000	-3.18155e-11	-15190.8	0
461000	1.21458e-11	-15327.2	0
462000	4.89784e-11	-15913.5	0
463000	6.71383e-11	-16885.9	0
464000	2.72467e-11	-18141.3	0
465000	-5.35574e-11	-19548.6	0
466000	-4.4722e-11	-20961.8	0
467000	1.29117e-11	-22236.2	0
468000	9.31841e-12	-23242.3	0
469000	7.23321e-11	-23879.4	0
470000	1.4771e-11	-24085	0
471000	-7.6003e-11	-23841.1	0
472000	-2.87438e-11	-23175.5	0
473000	-3.38213e-11	-22158.7	0
474000	4.04924e-11	-20896.7	0
475000	8.7915e-11	-19519.8	0
476000	-1.75979e-11	-18169.7	0
477000	-3.21765e-11	-16984.8	0
478000	-4.55414e-11	-16085.6	0
479000	-5.26709e-11	-15563	0
480000	7.2982e-11	-15468.3	0
481000	5.23864e-11	-15808.6	0
482000	2.53165e-11	-16545.9	0
483000	-1.22038e-11	-17601.6	0
484000	-3.99914e-11	-18865.3	0
485000	-1.92691e-11	-20206	0
486000	4.11772e-11	-21486.2	0
487000	6.95705e-11	-22575.8	0
488000	2.68654e-11	-23365.2	0
489000	-7.1173e-12	-23776.4	0
490000	-4.93239e-11	-23770.2	0
491000	-2.68629e-11	-23349.9	0
492000	2.86412e-11	-22561	0
493000	5.93378e-11	-21485.7	0
494000	3.15349e-11	-20235.2	0
495000	-1.15727e-11	-18937.9	0
496000	-5.40848e-11	-17726.4	0
497000	-1.70759e-11	-16724	0
498000	2.2415e-11	-16032	0
499000	6.76195e-11	-15719.3	0
500000	4.85378e-11	-15815.6	0
501000	-1.40314e-11	-16308.4	0
502000	-4.71246e-11	-17144.5	0
503000	-3.1529e-11	-18236	0
504000	1.16134e-11	-19469.7	0
505000	5.96316e-11	-20718.9	0
506000	4.53844e-11	-21856.6	0
507000	-1.44227e-11	-22767.9	0
508000	-6.40491e-11	-23362.2	0
509000	-5.16606e-11	-23581.5	0
510000	-2.97192e-11	-23406.2	0
511000	5.4717e-11	-22856.4	0
512000	6.23129e-11	-21990.3	0
513000	-1.7606e-11	-20897.4	0
514000	-4.62279e-11	-19689.8	0
515000	-5.25429e-11	-18491	0
516000	-3.2667e-11	-17422.7	0
517000	8.39099e-11	-16592.9	0
518000	6.06798e-11	-16084.9	0
519000	6.22014e-12	-15948.4	0
520000	-2.43661e-11	-16195	0
521000	-8.42565e-11	-16797	0
522000	-2.82999e-11	-17690.7	0
523000	5.53693e-11	-18783	0
524000	4.62873e-11	-19961.5	0
525000	-3.47019e-12	-21106.2	0
526000	1.83257e-11	-22101.2	0
527000	-1.13997e-10	-22847.2	0
528000	-2.64966e-11	-23270.6	0
529000	1.16495e-10	-23330.7	0
530000	9.93534e-12	-23024	0
531000	7.45528e-11	-22383.6	0
532000	4.00634e-11	-21476.4	0
533000	-1.37618e-10	-20395.4	0
534000	4.95641e-11	-19251.1	0
535000	8.43626e-11	-18159.6	0
536000	3.89661e-11	-17231.4	0
537000	1.45687e-10	-16559.6	0
538000	-1.84971e-11	-16211.1	0
539000	-1.06594e-10	-16219.2	0
540000	6.4725e-11	-16580.8	0
541000	-1.02145e-11	-17256.7	0
542000	6.4826e-11	-18176.3	0
543000	1.57796e-10	-19244.6	0
544000	-9.53983e-11	-20352.5	0
545000	-4.50213e-11	-21387.6	0
546000	1.22395e-11	-22246.2	0
547000	-7.91409e-11	-22842.9	0
548000	1.00104e-10	-23119.4	0
549000	8.84899e-11	-23050.2	0
550000	-1.10763e-10	-22644.4	0
551000	-4.01694e-12	-21944.9	0
552000	-5.85456e-11	-21023.9	0
553000	-7.17799e-11	-19975.5	0
554000	1.51272e-10	-18906.3	0
555000	-6.92979e-12	-17924.3	0
556000	-2.55918e-11	-17128.3	0
557000	2.13803e-11	-16597.8	0
558000	-1.20488e-10	-16385	0
559000	2.70334e-11	-16509.4	0
560000	1.29197e-10	-16956.1	0
561000	-1.87419e-11	-17677.9	0
562000	7.94622e-11	-18599.8	0
563000	-1.46875e-11	-19627.3	0
564000	-1.32806e-10	-20656	0
565000	8.01739e-11	-21582.3	0
566000	5.98253e-11	-22313.7	0
567000	5.06951e-11	-22778.2	0
568000	1.72753e-10	-22930.9	0
569000	-4.85656e-11	-22758.6	0
570000	-5.81163e-11	-22280.6	0
571000	1.09031e-10	-21546.7	0
572000	4.11841e-12	-20632.3	0
573000	1.5725e-10	-19630.2	0
574000	1.81882e-10	-18642	0
575000	-7.31861e-11	-17767	0
576000	5.84568e-11	-17092.9	0
577000	4.90964e-11	-16686.6	0
578000	1.4237e-11	-16587.5	0
579000	2.36902e-10	-16803.6	0
580000	9.89072e-11	-17311	0
581000	-5.74962e-12	-18056.6	0
582000	9.94442e-11	-18963.5	0
583000	-6.5663e-11	-19939.3	0
584000	9.07212e-11	-20885.4	0
585000	2.43515e-10	-21707	0
586000	3.23087e-11	-22322.5	0
587000	1.31593e-10	-22671.7	0
588000	5.88047e-11	-22721.4	0
589000	-9.22828e-11	-22468.5	0
590000	1.63856e-10	-21940.2	0
591000	1.51202e-10	-21191.3	0
592000	4.02314e-11	-20298	0
593000	2.1042e-10	-19350.8	0
594000	-1.91855e-11	-18445.3	0
595000	-5.31823e-11	-17672.1	0
596000	1.9435e-10	-17108.5	0
597000	2.25891e-11	-16809.8	0
598000	1.50143e-10	-16804.6	0
599000	2.22984e-10	-17091.5	0
600000	-1.29588e-10	-17639.6	0
601000	6.3695e-11	-18392.1	0
602000	1.00203e-10	-19271.9	0
603000	-3.95018e-11	-20189.7	0
604000	2.59396e-10	-21053.3	0
605000	1.09633e-10	-21776.4	0
606000	-8.48945e-11	-22287.6	0
607000	1.60397e-10	-22537.4	0
608000	-3.39654e-11	-22502.4	0
609000	7.86051e-11	-22188	0
610000	3.49237e-10	-21627.4	0
611000	1.18772e-11	-20878	0
612000	1.2742e-10	-20016	0
613000	1.50528e-10	-19128.5	0
614000	-1.15952e-10	-18304.5	0
615000	2.41102e-10	-17626.3	0
616000	2.04379e-10	-17161.4	0
617000	-3.12147e-13	-16955	0
618000	2.63793e-10	-17026.4	0
619000	-1.28411e-11	-17366.6	0
620000	-4.78511e-11	-17939.5	0
621000	3.1599e-10	-18686.2	0
622000	5.80991e-11	-19530.6	0
623000	1.78533e-10	-20387.3	0
624000	2.60488e-10	-21170.5	0
625000	-1.6337e-10	-21802.4	0
626000	1.40951e-10	-22221.1	0
627000	1.76576e-10	-22386	0
628000	-4.25124e-11	-22282.4	0
629000	3.59968e-10	-21922.4	0
630000	9.76437e-11	-21343.4	0
631000	-1.12567e-10	-20604.6	0
632000	2.2162e-10	-19780.8	0
633000	-1.83808e-11	-18954.7	0
634000	9.20673e-11	-18209.3	0
635000	3.83417e-10	-17618.6	0
636000	-4.46534e-11	-17241	0
637000	7.73309e-11	-17113	0
638000	1.82243e-10	-17246.1	0
639000	-1.49798e-10	-17625	0
640000	2.5014e-10	-18210.2	0
641000	2.79504e-10	-18941.7	0
642000	-4.45512e-11	-19745.3	0
643000	2.66848e-10	-20540	0
644000	-7.58834e-12	-21246.7	0
645000	-8.68258e-11	-21795.3	0
646000	3.30995e-10	-22132.2	0
647000	6.25355e-11	-22225.3	0
648000	1.36854e-10	-22066.9	0
649000	2.81787e-10	-21674.3	0
650000	-1.31169e-10	-21088.2	0
651000	1.05334e-10	-20368	0
652000	2.41489e-10	-19586.4	0
653000	-1.43294e-11	-18822	0
654000	3.26605e-10	-18150.9	0
655000	1.19563e-10	-17639.8	0
656000	-1.58806e-10	-17338.9	0
657000	2.07798e-10	-17277.1	0
658000	3.92831e-11	-17459	0
659000	5.69255e-11	-17864.8	0
660000	3.97228e-10	-18452.5	0
661000	-2.27957e-11	-19162	0
662000	9.07448e-12	-19921.7	0
663000	1.97649e-10	-20655.3	0
664000	-9.27777e-11	-21289.9	0
665000	2.07735e-10	-21762.9	0
666000	2.77442e-10	-22028.4	0
667000	-5.44732e-11	-22061.2	0
668000	1.83464e-10	-21859.6	0
669000	8.8865e-11	-21445.2	0
670000	-5.51526e-11	-20860.4	0
671000	3.40992e-10	-20164.6	0
672000	1.65991e-10	-19427.6	0
673000	5.17612e-11	-18723.4	0
674000	2.76636e-10	-18122	0
675000	-7.33324e-11	-17682.8	0
676000	7.54572e-11	-17448.9	0
677000	3.17135e-10	-17442.3	0
678000	1.95442e-11	-17662.3	0
679000	2.36305e-10	-18085.3	0
680000	1.81164e-10	-18667.9	0
681000	-1.01613e-10	-19350.7	0
682000	2.3426e-10	-20065	0
683000	1.28642e-10	-20739.4	0
684000	7.72916e-11	-21306.9	0
685000	3.54758e-10	-21711.9	0
686000	2.83912e-11	-21915.1	0
687000	1.57355e-11	-21897.7	0
688000	2.36473e-10	-21662.9	0
689000	-3.26738e-11	-21235.2	0
690000	2.07174e-10	-20658.4	0
691000	2.94665e-10	-19990.8	0
692000	-8.60142e-11	-19299.4	0
693000	1.48485e-10	-18653.1	0
694000	1.08973e-10	-18116.3	0
695000	-9.14461e-11	-17741.8	0
696000	3.20333e-10	-17565.9	0
697000	1.48854e-10	-17605.2	0
698000	-4.8717e-11	-17854.2	0
699000	2.23964e-10	-18286.7	0
700000	-8.30056e-11	-18858.4	0
701000	-1.43309e-11	-19511.4	0
702000	3.03705e-10	-20180	0
703000	-1.54495e-11	-20797.7	0
704000	1.41556e-10	-21303.2	0
705000	1.91024e-10	-21647.3	0
706000	-1.6381e-10	-21796.7	0
707000	1.30383e-10	-21737.8	0
708000	2.02008e-10	-21477.9	0
709000	-2.39084e-11	-21044	0
710000	2.87696e-10	-20480.2	0
711000	5.57636e-11	-19843.3	0
712000	-1.35493e-10	-19197.2	0
713000	2.19878e-10	-18606.2	0
714000	4.93599e-11	-18128.9	0
715000	1.01289e-10	-17812.1	0
716000	3.19523e-10	-17686.4	0
717000	-5.98536e-11	-17763.3	0
718000	3.94639e-11	-18033.8	0
719000	1.78504e-10	-18469.6	0
720000	-7.26771e-11	-19026.2	0
721000	2.49088e-10	-19647.4	0
722000	2.2331e-10	-20270.9	0
723000	-7.50469e-11	-20834.9	0
724000	2.07955e-10	-21283.6	0
725000	-1.05762e-12	-21573.2	0
726000	-1.09293e-11	-21676.2	0
727000	3.28161e-10	-21583.4	0
728000	5.4319e-11	-21305.3	0
729000	7.50868e-11	-20870.6	0
730000	1.97364e-10	-20323.5	0
731000	-1.4087e-10	-19718.9	0
732000	1.20549e-10	-19117.2	0
733000	2.31009e-10	-18578.3	0
734000	-1.11683e-11	-18155.5	0
735000	2.15338e-10	-17890.1	0
736000	7.66353e-11	-17807.7	0
737000	-1.05101e-10	-17915.2	0
738000	2.2416e-10	-18200.8	0
739000	9.39238e-11	-18634.9	0
740000	8.92621e-11	-19173.3	0
741000	2.71366e-10	-19761.7	0
742000	-3.00727e-11	-20341.4	0
743000	2.17961e-11	-20854.9	0
744000	1.80295e-10	-21251.5	0
745000	-2.4312e-11	-21492.9	0
746000	2.13606e-10	-21556	0
747000	2.27872e-10	-21435.7	0
748000	-7.67076e-11	-21145.1	0
749000	1.51456e-10	-20714.1	0
750000	8.65683e-11	-20186.2	0
751000	1.74759e-11	-19614.5	0
752000	3.13603e-10	-19055.9	0
753000	1.24256e-10	-18565.9	0
754000	4.20253e-11	-18192.9	0
755000	2.16475e-10	-17973.1	0
756000	-2.70458e-11	-17927.6	0
757000	1.19172e-10	-18059.8	0
758000	3.12168e-10	-18355.4	0
759000	4.72654e-11	-18783.9	0
760000	1.85617e-10	-19301.9	0
761000	1.68346e-10	-19857.3	0
762000	-5.51475e-11	-20394.7	0
763000	2.26948e-10	-20860.9	0
764000	1.75292e-10	-21210.2	0
765000	9.40587e-11	-21408.7	0
766000	2.60123e-10	-21437.7	0
767000	2.10805e-11	-21295.5	0
768000	8.88993e-13	-20997.2	0
769000	2.31916e-10	-20573.2	0
770000	2.66611e-11	-20066.5	0
771000	1.95413e-10	-19527.6	0
772000	2.43908e-10	-19010.4	0
773000	-4.30396e-11	-18566.1	0
774000	1.45761e-10	-18238.2	0
775000	1.35023e-10	-18058.9	0
776000	2.54899e-11	-18044.9	0
777000	3.32644e-10	-18196.6	0
778000	1.41508e-10	-18497.9	0
779000	3.14377e-11	-18917.9	0
780000	2.28333e-10	-19414	0
781000	-1.56261e-11	-19936.5	0
782000	1.26225e-10	-20433.5	0
783000	3.22381e-10	-20855.8	0
784000	2.18002e-11	-21162	0
785000	1.74258e-10	-21322.7	0
786000	1.53613e-10	-21322.7	0
787000	-7.33986e-11	-21163.3	0
788000	2.47448e-10	-20861	0
789000	1.957e-10	-20446.8	0
790000	4.74425e-11	-19962.3	0
791000	2.91401e-10	-19455.9	0
792000	3.3417e-11	-18978.2	0
793000	2.50687e-12	-18576.2	0
794000	2.87394e-10	-18289.4	0
795000	7.2599e-11	-18145.7	0
796000	1.81699e-10	-18158.4	0
797000	2.90295e-10	-18325.3	0
798000	-6.19807e-11	-18628.8	0
799000	1.59948e-10	-19037.9	0
800000	1.90478e-10	-19511.3	0
801000	2.33889e-13	-20001.6	0
802000	3.39438e-10	-20460.1	0
803000	1.6426e-10	-20841.7	0
804000	-3.3381e-11	-21108.9	0
805000	2.79316e-10	-21236.2	0
806000	2.17658e-11	-21211.8	0
807000	6.50541e-11	-21039.1	0
808000	4.0573e-10	-20736	0
809000	1.01571e-11	-20333.5	0
810000	1.15207e-10	-19871.9	0
811000	2.52308e-10	-19397.4	0
812000	-7.27874e-11	-18957	0
813000	2.42083e-10	-18594.2	0
814000	2.92765e-10	-18344.6	0
815000	-1.7589e-11	-18232.3	0
816000	2.8985e-10	-18267.6	0
817000	1.19972e-10	-18445.9	0
818000	-6.79167e-11	-18748.8	0
819000	3.74103e-10	-19145.3	0
820000	1.13159e-10	-19595.5	0
821000	7.15714e-11	-20054.5	0
822000	3.56302e-10	-20476.7	0
823000	-5.47226e-11	-20820.5	0
824000	6.12405e-11	-21052.5	0
825000	3.24569e-10	-21150.4	0
826000	-4.6985e-11	-21105.4	0
827000	2.26412e-10	-20922.8	0
828000	2.2798e-10	-20621.6	0
829000	-1.36993e-10	-20232.3	0
830000	2.11648e-10	-19793.9	0
831000	1.2491e-10	-19350.1	0
832000	-1.29846e-11	-18945	0
833000	3.50678e-10	-18618.5	0
834000	1.84006e-11	-18402.5	0
835000	-2.36042e-11	-18317.8	0
836000	2.90641e-10	-18371.9	0
837000	-8.748e-11	-18558.5	0
838000	1.14828e-10	-18858.5	0
839000	3.22433e-10	-19241.2	0
840000	-1.02147e-10	-19668.1	0
841000	1.77262e-10	-20096.8	0
842000	1.54285e-10	-20484.8	0
843000	-1.91802e-10	-20793.8	0
844000	2.85943e-10	-20994	0
845000	1.21937e-10	-21066.1	0
846000	-6.58746e-11	-21004	0
847000	3.54355e-10	-20814.4	0
848000	-3.99727e-11	-20517.1	0
849000	-4.22535e-11	-20142	0
850000	3.61413e-10	-19726.7	0
851000	-5.67634e-11	-19312.6	0
852000	1.52611e-10	-18940.7	0
853000	3.50923e-10	-18647.6	0
854000	-1.83125e-10	-18461.9	0
855000	1.8404e-10	-18401.3	0
856000	2.01273e-10	-18471.1	0
857000	-1.63748e-10	-18663.5	0
858000	3.57951e-10	-18958.6	0
859000	1.23863e-10	-19326.6	0
860000	-1.464e-10	-19730.5	0
861000	3.24087e-10	-20130.1	0
862000	-4.91346e-11	-20485.9	0
863000	-6.67847e-12	-20763	0
864000	4.12876e-10	-20934.4	0
865000	-5.94092e-11	-20984	0
866000	1.02412e-10	-20907.6	0
867000	2.6511e-10	-20713.6	0
868000	-2.01453e-10	-20421.7	0
869000	2.40846e-10	-20061.6	0
870000	2.4003e-10	-19669.2	0
871000	-1.23292e-10	-19283.5	0
872000	3.16082e-10	-18942.7	0
873000	4.77698e-11	-18680.4	0
874000	-1.51881e-10	-18521.9	0
875000	3.47919e-10	-18482.4	0
876000	2.52864e-11	-18565.1	0
877000	4.37479e-11	-18760.9	0
878000	3.91854e-10	-19049.8	0
879000	-1.36395e-10	-19402.5	0
880000	5.22451e-11	-19783.8	0
881000	2.99158e-10	-20155.6	0
882000	-1.14338e-10	-20481.3	0
883000	2.79088e-10	-20728.9	0
884000	2.41978e-10	-20874.6	0
885000	-1.62035e-10	-20904.5	0
886000	2.86536e-10	-20816.5	0
887000	5.60547e-11	-20619.9	0
888000	-6.46731e-11	-20334.9	0
889000	4.18274e-10	-19990.2	0
890000	1.31551e-12	-19620.1	0
891000	-1.30897e-11	-19261.6	0
892000	3.15365e-10	-18950	0
893000	-1.4612e-10	-18715.8	0
894000	1.16112e-10	-18581.9	0
895000	3.37198e-10	-18560.8	0
896000	-1.31823e-10	-18653.9	0
897000	2.29524e-10	-18851.3	0
898000	1.68808e-10	-19132.8	0
899000	-2.21635e-10	-19469.9	0
900000	3.12787e-10	-19829	0
901000	8.79488e-11	-20174.4	0
902000	-7.54891e-11	-20471.9	0
903000	3.70744e-10	-20692.6	0
904000	-9.64787e-11	-20815.1	0
905000	-5.58945e-11	-20827.9	0
906000	3.33994e-10	-20730.5	0
907000	-1.17565e-10	-20533.2	0
908000	1.59336e-10	-20256	0
909000	3.1758e-10	-19926.8	0
910000	-2.12877e-10	-19578.6	0
911000	2.0865e-10	-19245.9	0
912000	1.87209e-10	-18961.4	0
913000	-1.53434e-10	-18753.1	0
914000	3.84501e-10	-18641.2	0
915000	1.244e-10	-18636	0
916000	-1.26804e-10	-18737.5	0
917000	3.42559e-10	-18935	0
918000	-3.70172e-11	-19208.2	0
919000	7.78989e-12	-19529.6	0
920000	4.36729e-10	-19867.2	0
921000	-7.97639e-11	-20187.4	0
922000	9.09265e-11	-20458.8	0
923000	2.85281e-10	-20654.8	0
924000	-2.01677e-10	-20756.5	0
925000	2.54653e-10	-20754.5	0
926000	2.44543e-10	-20649.6	0
927000	-1.23699e-10	-20452.9	0
928000	3.26261e-10	-20184.3	0
929000	4.09716e-11	-19870.9	0
930000	-1.68213e-10	-19543.7	0
931000	3.79364e-10	-19235.4	0
932000	-2.45271e-12	-18976.3	0
933000	1.45135e-11	-18791.7	0
934000	3.9976e-10	-18699.4	0
935000	-1.79525e-10	-18708.1	0
936000	7.1189e-11	-18816.1	0
937000	3.06082e-10	-19012.3	0
938000	-1.95276e-10	-19276.5	0
939000	2.925e-10	-19582.3	0
940000	2.13863e-10	-19899.2	0
941000	-2.39165e-10	-20195.6	0
942000	2.90048e-10	-20442.6	0
943000	1.14942e-11	-20615.9	0
944000	-1.30645e-10	-20699	0
945000	4.07878e-10	-20684.2	0
946000	-2.31221e-11	-20573.6	0
947000	-5.40094e-11	-20378.8	0
948000	3.34126e-10	-20119.4	0
949000	-1.81599e-10	-19821.5	0
950000	8.15452e-11	-19514.7	0
951000	3.66517e-10	-19229.5	0
952000	-1.85949e-10	-18993.9	0
953000	2.04071e-10	-18831	0
954000	1.7421e-10	-18756.3	0
955000	-2.59398e-10	-18776.8	0
956000	2.91135e-10	-18889.9	0
957000	1.49269e-10	-19083.6	0
958000	-8.87816e-11	-19338.4	0
959000	3.4356e-10	-19628.8	0
960000	-8.07684e-11	-19925.6	0
961000	-8.33739e-11	-20199.6	0
962000	3.62255e-10	-20423.9	0
963000	-7.48957e-11	-20576.6	0
964000	1.35176e-10	-20643	0
965000	3.10771e-10	-20617.3	0
966000	-2.2295e-10	-20502.5	0
967000	1.49382e-10	-20310.4	0
968000	2.10165e-10	-20060.6	0
969000	-1.52652e-10	-19778	0
970000	3.73092e-10	-19490.8	0
971000	1.15841e-10	-19227.4	0
972000	-1.38748e-10	-19013.7	0
973000	2.943e-10	-18870.6	0
974000	-5.22148e-11	-18811.6	0
975000	2.69175e-11	-18842.3	0
976000	4.25437e-10	-18958.9	0
977000	-9.18849e-11	-19149.4	0
978000	1.05144e-10	-19394.4	0
979000	2.55426e-10	-19669.5	0
980000	-2.37306e-10	-19947.2	0
981000	2.52346e-10	-20200.1	0
982000	2.64277e-10	-20403.3	0
983000	-1.28961e-10	-20537.1	0
984000	3.08441e-10	-20588.8	0
985000	-8.47485e-12	-20553.7	0
986000	-1.83801e-10	-20435.9	0
987000	3.60833e-10	-20247.5	0
988000	-3.71354e-11	-20007.5	0
989000	2.68802e-11	-19740	0
990000	3.24526e-10	-19471.5	0
991000	-2.16705e-10	-19228.6	0
992000	2.83562e-11	-19035.2	0
993000	2.50173e-10	-18910	0
994000	-1.55857e-10	-18865.1	0
995000	2.42725e-10	-18904.3	0
996000	1.71982e-10	-19023.4	0
997000	-2.30608e-10	-19209.9	0
998000	2.00555e-10	-19445	0
999000	3.30185e-11	-19705.2	0
1e+06	-9.61837e-11	-19964.5	0
1.001e+06	3.62105e-10	-20197.5	0
1.002e+06	-4.89171e-11	-20381.2	0
1.003e+06	-7.11604e-11	-20497.9	0
1.004e+06	2.36534e-10	-20536.4	0
1.005e+06	-1.48788e-10	-20493.4	0
1.006e+06	1.25663e-10	-20373.7	0
1.007e+06	3.0666e-10	-20189.6	0
1.008e+06	-1.14143e-10	-19959.6	0
1.009e+06	1.59888e-10	-19706.7	0
1.01e+06	1.02457e-10	-19456.1	0
1.011e+06	-1.69021e-10	-19232.5	0
1.012e+06	2.69096e-10	-19057.9	0
1.013e+06	1.10259e-10	-18949.1	0
1.014e+06	-3.77189e-11	-18916.7	0
1.015e+06	2.52927e-10	-18963.1	0
1.016e+06	-7.37739e-11	-19083.5	0
1.017e+06	-4.14145e-11	-19265.4	0
1.018e+06	2.91234e-10	-19490.5	0
1.019e+06	-1.36687e-11	-19736.2	0
1.02e+06	1.51599e-10	-19978.1	0
1.021e+06	2.2661e-10	-20192.4	0
1.022e+06	-1.64016e-10	-20358.1	0
1.023e+06	1.17953e-10	-20459.1	0
1.024e+06	1.50379e-10	-20485.9	0
1.025e+06	-6.60501e-11	-20436.3	0
1.026e+06	2.76949e-10	-20315.7	0
1.027e+06	7.68092e-11	-20136.4	0
1.028e+06	-1.43879e-10	-19916.4	0
1.029e+06	1.98528e-10	-19677.8	0
1.03e+06	-1.74692e-11	-19444.3	0
1.031e+06	-1.11091e-11	-19238.8	0
1.032e+06	3.18584e-10	-19081.5	0
1.033e+06	-7.94693e-11	-18987.7	0
1.034e+06	6.67692e-13	-18966.2	0
1.035e+06	1.75973e-10	-19018.7	0
1.036e+06	-1.2264e-10	-19139.6	0
1.037e+06	1.80666e-10	-19316.5	0
1.038e+06	2.50596e-10	-19531.5	0
1.039e+06	-6.51464e-11	-19763.1	0
1.04e+06	1.84571e-10	-19988.4	0
1.041e+06	3.87192e-11	-20185.2	0
1.042e+06	-1.03892e-10	-20334.2	0
1.043e+06	3.03929e-10	-20421.1	0
1.044e+06	6.70315e-11	-20437.5	0
1.045e+06	3.18648e-11	-20382.4	0
1.046e+06	2.4269e-10	-20261.7	0
1.047e+06	-1.27835e-10	-20087.6	0
1.048e+06	5.04811e-11	-19877.7	0
1.049e+06	2.6612e-10	-19652.9	0
1.05e+06	-3.27942e-11	-19435.5	0
1.051e+06	2.20042e-10	-19247	0
1.052e+06	1.59508e-10	-19105.7	0
1.053e+06	-1.82975e-10	-19025.4	0
1.054e+06	2.02559e-10	-19013.6	0
1.055e+06	9.70622e-11	-19071.1	0
1.056e+06	-1.80461e-11	-19191.8	0
1.057e+06	3.30801e-10	-19363.2	0
1.058e+06	-2.72387e-12	-19568.2	0
1.059e+06	-4.396e-11	-19786.3	0
1.06e+06	2.18131e-10	-19995.9	0
1.061e+06	-7.01302e-11	-20176.3	0
1.062e+06	1.73894e-10	-20309.9	0
1.063e+06	3.01912e-10	-20383.8	0
1.064e+06	-8.18191e-11	-20391.2	0
1.065e+06	1.42268e-10	-20331.6	0
1.066e+06	1.18394e-10	-20211.5	0
1.067e+06	-9.54153e-11	-20042.9	0
1.068e+06	2.70298e-10	-19842.9	0
1.069e+06	1.46531e-10	-19631.4	0
1.07e+06	1.07123e-11	-19429.4	0
1.071e+06	2.309e-10	-19256.7	0
1.072e+06	-1.04943e-10	-19130.3	0
1.073e+06	-9.79266e-12	-19062.2	0
1.074e+06	2.73928e-10	-19059	0
1.075e+06	-1.11768e-11	-19120.5	0
1.076e+06	1.56466e-10	-19240.3	0
1.077e+06	2.01013e-10	-19406	0
1.078e+06	-1.59763e-10	-19601.1	0
1.079e+06	1.38754e-10	-19806.2	0
1.08e+06	1.49014e-10	-20000.8	0
1.081e+06	-4.36604e-11	-20165.9	0
1.082e+06	2.89383e-10	-20285.3	0
1.083e+06	5.96081e-11	-20347.6	0
1.084e+06	-1.23734e-10	-20346.9	0
1.085e+06	2.09464e-10	-20283.8	0
1.086e+06	-2.47465e-11	-20164.8	0
1.087e+06	6.00317e-11	-20002.1	0
1.088e+06	3.29953e-10	-19811.9	0
1.089e+06	-8.78465e-11	-19613.2	0
1.09e+06	4.87882e-11	-19425.7	0
1.091e+06	1.68293e-10	-19267.8	0
1.092e+06	-1.49699e-10	-19154.9	0
1.093e+06	2.3077e-10	-19098	0
1.094e+06	1.99114e-10	-19102.3	0
1.095e+06	-1.07637e-10	-19167	0
1.096e+06	2.19227e-10	-19285.2	0
1.097e+06	-2.7485e-11	-19445.1	0
1.098e+06	-8.31177e-11	-19630.5	0
1.099e+06	3.17758e-10	-19823	0
1.1e+06	2.05941e-11	-20003.5	0
1.101e+06	6.53005e-11	-20154.3	0
1.102e+06	2.35304e-10	-20260.7	0
1.103e+06	-1.85669e-10	-20312.4	0
1.104e+06	8.98891e-11	-20304.7	0
1.105e+06	2.41358e-10	-20238.8	0
1.106e+06	-1.05686e-10	-20121.5	0
1.107e+06	2.47123e-10	-19964.7	0
1.108e+06	9.66611e-11	-19784.1	0
1.109e+06	-1.79709e-10	-19597.7	0
1.11e+06	2.36199e-10	-19424	0
1.111e+06	7.50784e-12	-19279.9	0
1.112e+06	-1.64765e-11	-19179.6	0
1.113e+06	3.40359e-10	-19132.7	0
1.114e+06	-6.50185e-11	-19143.5	0
1.115e+06	5.34703e-12	-19210.6	0
1.116e+06	2.21618e-10	-19326.9	0
1.117e+06	-1.01249e-10	-19480.8	0
1.118e+06	1.81729e-10	-19656.7	0
1.119e+06	2.52742e-10	-19837.2	0
1.12e+06	-1.06314e-10	-20004.3	0
1.121e+06	1.97006e-10	-20141.8	0
1.122e+06	8.92959e-11	-20236.1	0
1.123e+06	-1.11627e-10	-20278.4	0
1.124e+06	3.08147e-10	-20264.6	0
1.125e+06	6.68212e-11	-20196.7	0
1.126e+06	9.52457e-12	-20081.5	0
1.127e+06	3.07419e-10	-19930.7	0
1.128e+06	-7.40189e-11	-19759.5	0
1.129e+06	3.97635e-11	-19584.9	0
1.13e+06	2.92139e-10	-19424	0
1.131e+06	-7.33455e-11	-19292.9	0
1.132e+06	1.79435e-10	-19204.1	0
1.133e+06	1.99881e-10	-19166.2	0
1.134e+06	-1.6281e-10	-19182.6	0
1.135e+06	2.09196e-10	-19251.5	0
1.136e+06	1.2509e-10	-19365.5	0
1.137e+06	-4.71161e-11	-19513.3	0
1.138e+06	3.18602e-10	-19679.9	0
1.139e+06	5.25268e-11	-19848.9	0
1.14e+06	-4.92355e-11	-20003.5	0
1.141e+06	2.5705e-10	-20128.5	0
1.142e+06	-5.18137e-11	-20211.8	0
1.143e+06	9.80999e-11	-20245.5	0
1.144e+06	3.29661e-10	-20226.6	0
1.145e+06	-4.42826e-11	-20157.1	0
1.146e+06	1.25543e-10	-20044.4	0
1.147e+06	1.87395e-10	-19899.8	0
1.148e+06	-1.13712e-10	-19737.7	0
1.149e+06	2.14183e-10	-19574.3	0
1.15e+06	2.11116e-10	-19425.7	0
1.151e+06	-5.08515e-11	-19306.4	0
1.152e+06	2.42814e-10	-19228.2	0
1.153e+06	3.33491e-11	-19198.4	0
1.154e+06	-6.15689e-11	-19219.8	0
1.155e+06	2.95162e-10	-19289.8	0
1.156e+06	4.50657e-11	-19401.2	0
1.157e+06	5.65068e-11	-19542.8	0
1.158e+06	2.6379e-10	-19700.5	0
1.159e+06	-1.3622e-10	-19858.5	0
1.16e+06	7.36752e-11	-20001.2	0
1.161e+06	2.25526e-10	-20114.7	0
1.162e+06	-5.55106e-11	-20187.9	0
1.163e+06	2.36793e-10	-20213.9	0
1.164e+06	1.45602e-10	-20190.5	0
1.165e+06	-1.46007e-10	-20120.1	0
1.166e+06	2.14183e-10	-20010.1	0
1.167e+06	1.48039e-11	-19871.6	0
1.168e+06	3.2525e-11	-19718.4	0
1.169e+06	3.32064e-10	-19565.7	0
1.17e+06	-3.85132e-11	-19428.6	0
1.171e+06	2.0615e-11	-19320.5	0
1.172e+06	1.82313e-10	-19252	0
1.173e+06	-1.13568e-10	-19229.5	0
1.174e+06	1.96375e-10	-19254.9	0
1.175e+06	2.51916e-10	-19325.6	0
1.176e+06	-6.14599e-11	-19434.2	0
1.177e+06	1.81104e-10	-19569.7	0
1.178e+06	4.76398e-11	-19718.6	0
1.179e+06	-7.96273e-11	-19866.1	0
1.18e+06	2.86957e-10	-19997.7	0
1.181e+06	1.04676e-10	-20100.5	0
1.182e+06	4.70983e-11	-20164.5	0
1.183e+06	2.45793e-10	-20183.6	0
1.184e+06	-8.01922e-11	-20156.3	0
1.185e+06	3.90341e-11	-20085.5	0
1.186e+06	2.9876e-10	-19978.5	0
1.187e+06	1.4117e-12	-19846.1	0
1.188e+06	2.02835e-10	-19701.5	0
1.189e+06	1.60626e-10	-19559	0
1.19e+06	-1.30334e-10	-19432.7	0
1.191e+06	2.02211e-10	-19334.9	0
1.192e+06	1.59124e-10	-19275.2	0
1.193e+06	6.29714e-11	-19259.2	0
1.194e+06	3.04622e-10	-19288.2	0
1.195e+06	4.37077e-11	-19359.1	0
1.196e+06	1.0003e-11	-19464.5	0
1.197e+06	2.38303e-10	-19594	0
1.198e+06	5.08664e-11	-19734.4	0
1.199e+06	1.96112e-10	-19872	0
1.2e+06	2.76899e-10	-19993.1	0
1.201e+06	-2.50749e-12	-20086	0
1.202e+06	1.35333e-10	-20141.5	0
1.203e+06	1.16876e-10	-20154.5	0
1.204e+06	2.29988e-11	-20124	0
1.205e+06	2.97434e-10	-20053.2	0
1.206e+06	1.57307e-10	-19949.4	0
1.207e+06	3.042e-11	-19823	0
1.208e+06	2.1134e-10	-19686.7	0
1.209e+06	9.20596e-12	-19553.9	0
1.21e+06	1.09648e-10	-19437.7	0
1.211e+06	2.89315e-10	-19349.5	0
1.212e+06	8.92991e-11	-19297.9	0
1.213e+06	1.93544e-10	-19287.7	0
1.214e+06	1.50744e-10	-19319.6	0
1.215e+06	-4.04232e-11	-19390.3	0
1.216e+06	2.09687e-10	-19492.5	0
1.217e+06	1.8131e-10	-19615.9	0
1.218e+06	9.78633e-11	-19748.3	0
1.219e+06	2.9435e-10	-19876.4	0
1.22e+06	5.79358e-11	-19987.7	0
1.221e+06	2.05858e-11	-20071.3	0
1.222e+06	2.52629e-10	-20119.2	0
1.223e+06	9.00627e-11	-20126.7	0
1.224e+06	1.80872e-10	-20093.6	0
1.225e+06	2.89969e-10	-20023.1	0
1.226e+06	-4.06246e-11	-19922.6	0
1.227e+06	1.03521e-10	-19802.2	0
1.228e+06	1.59094e-10	-19673.8	0
1.229e+06	-3.13903e-12	-19550.2	0
1.23e+06	2.69263e-10	-19443.5	0
1.231e+06	1.80582e-10	-19364.2	0
1.232e+06	-5.34921e-11	-19319.9	0
1.233e+06	1.89935e-10	-19314.8	0
1.234e+06	3.25071e-11	-19349.2	0
1.235e+06	3.09214e-11	-19419.4	0
1.236e+06	3.22632e-10	-19518.2	0
1.237e+06	7.13593e-11	-19635.7	0
1.238e+06	5.16295e-11	-19760.2	0
1.239e+06	1.8696e-10	-19879.4	0
1.24e+06	-6.00663e-11	-19981.5	0
1.241e+06	1.11489e-10	-20056.6	0
1.242e+06	2.43306e-10	-20097.5	0
1.243e+06	2.98067e-11	-20100.2	0
1.244e+06	1.88619e-10	-20064.8	0
1.245e+06	8.08147e-11	-19995.1	0
1.246e+06	-8.07553e-11	-19898	0
1.247e+06	2.1422e-10	-19783.4	0
1.248e+06	1.48783e-10	-19662.7	0
1.249e+06	7.05315e-11	-19547.8	0
1.25e+06	2.51656e-10	-19450	0
1.251e+06	2.27429e-12	-19378.9	0
1.252e+06	2.21354e-12	-19341.3	0
1.253e+06	2.25509e-10	-19340.8	0
1.254e+06	4.20428e-11	-19377.1	0
1.255e+06	1.92869e-10	-19446.4	0
1.256e+06	2.54942e-10	-19541.8	0
1.257e+06	-5.02264e-11	-19653.5	0
1.258e+06	1.59053e-10	-19770.5	0
1.259e+06	1.48266e-10	-19881.2	0
1.26e+06	1.75513e-11	-19974.8	0
1.261e+06	3.20007e-10	-20042	0
1.262e+06	1.70959e-10	-20076.4	0
1.263e+06	1.97816e-11	-20074.9	0
1.264e+06	2.49823e-10	-20037.8	0
1.265e+06	3.11746e-11	-19969	0
1.266e+06	1.09421e-10	-19875.5	0
1.267e+06	3.64894e-10	-19766.6	0
1.268e+06	1.02507e-10	-19653.2	0
1.269e+06	1.66532e-10	-19546.5	0
1.27e+06	2.24618e-10	-19457.1	0
1.271e+06	-7.69848e-12	-19393.5	0
1.272e+06	2.20538e-10	-19362	0
1.273e+06	2.62565e-10	-19365.5	0
1.274e+06	9.83544e-11	-19403.3	0
1.275e+06	2.62762e-10	-19471.6	0
1.276e+06	1.06641e-10	-19563.4	0
1.277e+06	7.98025e-12	-19669.5	0
1.278e+06	2.27132e-10	-19779.3	0
1.279e+06	1.39455e-10	-19882	0
1.28e+06	1.64059e-10	-19967.5	0
1.281e+06	2.69069e-10	-20027.5	0
1.282e+06	4.06708e-11	-20056.1	0
1.283e+06	1.0782e-10	-20050.9	0
1.284e+06	2.00286e-10	-20012.4	0
1.285e+06	5.89826e-11	-19944.8	0
1.286e+06	2.60163e-10	-19854.8	0
1.287e+06	2.07468e-10	-19751.5	0
1.288e+06	3.15021e-11	-19645.2	0
1.289e+06	1.85036e-10	-19546.3	0
1.29e+06	6.96525e-11	-19464.6	0
1.291e+06	8.34792e-11	-19408	0
1.292e+06	2.7845e-10	-19382	0
1.293e+06	1.13681e-10	-19388.9	0
1.294e+06	8.35601e-11	-19427.9	0
1.295e+06	1.76592e-10	-19494.9	0
1.296e+06	-2.62535e-11	-19583.1	0
1.297e+06	1.32052e-10	-19683.7	0
1.298e+06	2.42926e-10	-19786.7	0
1.299e+06	5.24303e-11	-19881.8	0
1.3e+06	1.91404e-10	-19959.8	0
1.301e+06	1.46935e-10	-20013.1	0
1.302e+06	-5.85895e-11	-20036.5	0
1.303e+06	2.11887e-10	-20028	0
1.304e+06	1.26848e-10	-19988.6	0
1.305e+06	7.41424e-11	-19922.3	0
1.306e+06	2.44696e-10	-19835.9	0
1.307e+06	-2.89835e-12	-19738	0
1.308e+06	3.27404e-11	-19638.4	0
1.309e+06	2.00436e-10	-19546.9	0
1.31e+06	4.66625e-11	-19472.4	0
1.311e+06	2.06787e-10	-19422.3	0
1.312e+06	1.82169e-10	-19401.2	0
1.313e+06	-2.53047e-11	-19411.2	0
1.314e+06	1.31605e-10	-19451	0
1.315e+06	8.67317e-11	-19516.6	0
1.316e+06	6.87326e-11	-19601.2	0
1.317e+06	2.34237e-10	-19696.4	0
1.318e+06	1.21109e-10	-19792.8	0
1.319e+06	5.29026e-11	-19880.8	0
1.32e+06	1.26032e-10	-19951.8	0
1.321e+06	3.53781e-11	-19999	0
1.322e+06	1.1282e-10	-20017.7	0
1.323e+06	2.36792e-10	-20006.3	0
1.324e+06	1.33704e-10	-19966.2	0
1.325e+06	1.3027e-10	-19901.5	0
1.326e+06	8.97269e-11	-19818.7	0
1.327e+06	3.29194e-11	-19726.1	0
1.328e+06	1.29557e-10	-19632.9	0
1.329e+06	1.64629e-10	-19548.2	0
1.33e+06	1.29668e-10	-19480.5	0
1.331e+06	1.2391e-10	-19436.3	0
1.332e+06	4.88282e-11	-19419.7	0
1.333e+06	3.21148e-11	-19432.4	0
1.334e+06	1.09742e-10	-19472.7	0
1.335e+06	1.33615e-10	-19536.6	0
1.336e+06	1.52706e-10	-19617.7	0
1.337e+06	1.46108e-10	-19707.7	0
1.338e+06	5.7275e-11	-19797.8	0
1.339e+06	5.09463e-11	-19879.1	0
1.34e+06	8.95641e-11	-19943.6	0
1.341e+06	1.41015e-10	-19985.1	0
1.342e+06	1.74478e-10	-19999.6	0
1.343e+06	1.64813e-10	-19985.8	0
1.344e+06	9.64689e-11	-19945.3	0
1.345e+06	4.77751e-11	-19882.2	0
1.346e+06	9.4393e-11	-19803	0
1.347e+06	1.16542e-10	-19715.5	0
1.348e+06	1.7677e-10	-19628.4	0
1.349e+06	1.72112e-10	-19550.3	0
1.35e+06	8.21535e-11	-19488.8	0
1.351e+06	8.43065e-11	-19450	0
1.352e+06	3.72363e-11	-19437.5	0
1.353e+06	9.21156e-11	-19452.4	0
1.354e+06	2.23561e-10	-19493	0
1.355e+06	1.32259e-10	-19555.1	0
1.356e+06	1.12581e-10	-19632.6	0
1.357e+06	8.31624e-11	-19717.7	0
1.358e+06	-3.22675e-12	-19801.8	0
1.359e+06	1.17589e-10	-19876.8	0
1.36e+06	1.59651e-10	-19935.3	0
1.361e+06	1.06683e-10	-19971.5	0
1.362e+06	1.60775e-10	-19982.2	0
1.363e+06	1.17231e-11	-19966.4	0
1.364e+06	1.70316e-11	-19925.7	0
1.365e+06	1.23167e-10	-19864.5	0
1.366e+06	9.37188e-11	-19788.7	0
1.367e+06	1.51416e-10	-19706.1	0
1.368e+06	1.30224e-10	-19624.8	0
1.369e+06	3.9604e-12	-19552.9	0
1.37e+06	3.78369e-11	-19497.3	0
1.371e+06	9.13327e-11	-19463.4	0
1.372e+06	9.03572e-11	-19454.5	0
1.373e+06	1.97321e-10	-19471.3	0
1.374e+06	1.6015e-10	-19511.9	0
1.375e+06	1.99152e-11	-19572.2	0
1.376e+06	5.73659e-11	-19646.2	0
1.377e+06	6.7312e-11	-19726.4	0
1.378e+06	7.93017e-11	-19804.9	0
1.379e+06	2.01745e-10	-19874	0
1.38e+06	1.30832e-10	-19926.8	0
1.381e+06	3.95742e-11	-19958.3	0
1.382e+06	9.83394e-11	-19965.6	0
1.383e+06	2.30916e-11	-19948	0
1.384e+06	7.62812e-11	-19907.4	0
1.385e+06	2.32872e-10	-19848	0
1.386e+06	9.14054e-11	-19775.8	0
1.387e+06	7.40445e-11	-19698	0
1.388e+06	1.03495e-10	-19622.2	0
1.389e+06	-5.53933e-11	-19556	0
1.39e+06	1.36047e-10	-19505.7	0
1.391e+06	1.78603e-10	-19476.4	0
1.392e+06	6.9751e-11	-19470.7	0
1.393e+06	1.36243e-10	-19489.1	0
1.394e+06	2.98518e-11	-19529.6	0
1.395e+06	-3.05824e-11	-19588	0
1.396e+06	1.68466e-10	-19658.5	0
1.397e+06	7.35948e-11	-19734.1	0
1.398e+06	1.0103e-10	-19807.2	0
1.399e+06	1.80514e-10	-19870.7	0
1.4e+06	-3.71824e-11	-19918.3	0
1.401e+06	3.60526e-11	-19945.5	0
1.402e+06	1.42796e-10	-19949.7	0
1.403e+06	-5.56521e-12	-19930.7	0
1.404e+06	2.05588e-10	-19890.4	0
1.405e+06	1.30287e-10	-19832.9	0
1.406e+06	-7.6262e-11	-19764.1	0
1.407e+06	1.14217e-10	-19690.8	0
1.408e+06	1.50471e-12	-19620.3	0
1.409e+06	8.63873e-12	-19559.4	0
1.41e+06	2.33863e-10	-19514.3	0
1.411e+06	2.48936e-11	-19489.1	0
1.412e+06	-6.55356e-12	-19486.3	0
1.413e+06	8.22788e-11	-19505.9	0
1.414e+06	-9.79553e-11	-19546.1	0
1.415e+06	6.16404e-11	-19602.5	0
1.416e+06	1.52648e-10	-19669.6	0
1.417e+06	-3.01435e-11	-19740.7	0
1.418e+06	7.9288e-11	-19808.7	0
1.419e+06	-1.42457e-11	-19867	0
1.42e+06	-1.07811e-10	-19909.8	0
1.421e+06	9.89905e-11	-19933.1	0
1.422e+06	6.53506e-11	-19934.6	0
1.423e+06	-1.71062e-12	-19914.3	0
1.424e+06	1.04978e-10	-19874.5	0
1.425e+06	-8.38773e-11	-19819	0
1.426e+06	-8.75882e-11	-19753.6	0
1.427e+06	1.00362e-10	-19684.7	0
1.428e+06	-6.70511e-12	-19619.1	0
1.429e+06	8.61029e-11	-19563.3	0
1.43e+06	1.20202e-10	-19522.7	0
1.431e+06	-1.28411e-10	-19501.3	0
1.432e+06	4.57128e-12	-19501	0
1.433e+06	3.02601e-11	-19521.8	0
1.434e+06	-5.62907e-11	-19561.4	0
1.435e+06	1.74073e-10	-19615.8	0
1.436e+06	2.01166e-11	-19679.6	0
1.437e+06	-1.21176e-10	-19746.4	0
1.438e+06	4.03753e-11	-19809.6	0
1.439e+06	-9.70242e-11	-19863	0
1.44e+06	-1.47669e-11	-19901.4	0
1.441e+06	1.87387e-10	-19921	0
1.442e+06	-5.34865e-11	-19920.2	0
1.443e+06	-1.1695e-11	-19899	0
1.444e+06	3.11723e-11	-19859.7	0
1.445e+06	-1.50923e-10	-19806.3	0
1.446e+06	6.34957e-11	-19744.1	0
1.447e+06	1.55027e-10	-19679.4	0
1.448e+06	-4.88297e-11	-19618.5	0
1.449e+06	6.91257e-11	-19567.4	0
1.45e+06	-1.2328e-11	-19531.1	0
1.451e+06	-1.50278e-10	-19513.2	0
1.452e+06	1.02525e-10	-19515.1	0
1.453e+06	5.98286e-11	-19536.7	0
1.454e+06	-1.7713e-11	-19575.7	0
1.455e+06	1.11586e-10	-19628.1	0
1.456e+06	-1.26178e-10	-19688.6	0
1.457e+06	-1.07214e-10	-19751.3	0
1.458e+06	8.35853e-11	-19810	0
1.459e+06	-2.4392e-11	-19858.8	0
1.46e+06	7.50288e-11	-19893	0
1.461e+06	1.0071e-10	-19909.4	0
1.462e+06	-1.42807e-10	-19906.4	0
1.463e+06	-1.53045e-12	-19884.5	0
1.464e+06	3.12081e-11	-19845.9	0
1.465e+06	9.44329e-13	-19794.6	0
1.466e+06	1.79102e-10	-19735.6	0
1.467e+06	3.88561e-11	-19674.9	0
1.468e+06	-6.25983e-11	-19618.4	0
1.469e+06	1.70474e-11	-19571.8	0
1.47e+06	-8.47098e-11	-19539.4	0
1.471e+06	5.51425e-11	-19524.6	0
1.472e+06	1.63486e-10	-19528.5	0
1.473e+06	2.91353e-11	-19550.7	0
1.474e+06	1.85178e-11	-19588.9	0
1.475e+06	-4.56971e-12	-19639.3	0
1.476e+06	-7.96088e-11	-19696.7	0
1.477e+06	1.12175e-10	-19755.5	0
1.478e+06	8.57068e-11	-19809.8	0
1.479e+06	4.5958e-11	-19854.4	0
1.48e+06	6.42764e-11	-19884.8	0
1.481e+06	-8.96525e-11	-19898.2	0
1.482e+06	-7.27769e-11	-19893.4	0
1.483e+06	6.23607e-11	-19870.9	0
1.484e+06	1.54453e-11	-19833.1	0
1.485e+06	1.06199e-10	-19783.8	0
1.486e+06	1.44349e-11	-19728	0
1.487e+06	-1.52097e-10	-19671.1	0
1.488e+06	-8.33136e-12	-19618.8	0
1.489e+06	-3.40365e-11	-19576.3	0
1.49e+06	1.96309e-11	-19547.6	0
1.491e+06	1.36849e-10	-19535.6	0
1.492e+06	-3.82478e-11	-19541.2	0
1.493e+06	-1.102e-10	-19563.9	0
1.494e+06	-3.9337e-11	-19601.2	0
1.495e+06	-8.26533e-11	-19649.5	0
1.496e+06	6.62259e-11	-19703.9	0
1.497e+06	1.29115e-10	-19758.9	0
1.498e+06	-5.66917e-11	-19809.2	0
1.499e+06	-4.80433e-11	-19849.8	0
1.5e+06	-7.02252e-11	-19876.7	0
1.501e+06	-8.82616e-11	-19887.5	0
1.502e+06	9.0059e-11	-19881	0
1.503e+06	9.87171e-11	-19858.2	0
1.504e+06	-2.201e-11	-19821.3	0
1.505e+06	1.42989e-11	-19774.1	0
1.506e+06	-1.45825e-10	-19721.2	0
1.507e+06	-8.67944e-11	-19668	0
1.508e+06	6.77255e-11	-19619.6	0
1.509e+06	-4.91325e-12	-19580.9	0
1.51e+06	4.69713e-11	-19555.6	0
1.511e+06	-3.69382e-11	-19546.1	0
1.512e+06	-1.67381e-10	-19553.2	0
1.513e+06	-2.70286e-11	-19576.2	0
1.514e+06	1.06067e-11	-19612.6	0
1.515e+06	1.84077e-11	-19658.9	0
1.516e+06	1.24969e-10	-19710.3	0
1.517e+06	-5.87801e-11	-19761.7	0
1.518e+06	-1.19414e-10	-19808.2	0
1.519e+06	-2.03407e-11	-19845	0
1.52e+06	-6.36072e-11	-19868.8	0
1.521e+06	9.09676e-11	-19877.1	0
1.522e+06	1.10923e-10	-19869.3	0
1.523e+06	-9.45802e-11	-19846.3	0
1.524e+06	-5.76594e-11	-19810.4	0
1.525e+06	-5.05513e-11	-19765.2	0
1.526e+06	-8.50426e-11	-19715.2	0
1.527e+06	1.14135e-10	-19665.5	0
1.528e+06	6.43849e-11	-19620.8	0
1.529e+06	-6.02788e-11	-19585.7	0
1.53e+06	-4.94195e-12	-19563.5	0
1.531e+06	-1.23007e-10	-19556.2	0
1.532e+06	-5.26065e-11	-19564.6	0
1.533e+06	1.13839e-10	-19587.7	0
1.534e+06	3.53229e-11	-19623.2	0
1.535e+06	2.9781e-11	-19667.4	0
1.536e+06	-1.33078e-11	-19715.9	0
1.537e+06	-1.30837e-10	-19764	0
1.538e+06	4.10843e-12	-19806.8	0
1.539e+06	3.9962e-11	-19840.3	0
1.54e+06	2.36624e-11	-19861	0
1.541e+06	1.10807e-10	-19867.2	0
1.542e+06	-6.99396e-11	-19858.3	0
1.543e+06	-1.23039e-10	-19835.1	0
1.544e+06	2.14124e-11	-19800.2	0
1.545e+06	9.06982e-12	-19757	0
1.546e+06	6.16159e-11	-19709.9	0
1.547e+06	1.28573e-10	-19663.5	0
1.548e+06	-5.42681e-11	-19622.3	0
1.549e+06	-7.50318e-11	-19590.5	0
1.55e+06	6.16754e-12	-19571.1	0
1.551e+06	-4.4512e-11	-19565.9	0
1.552e+06	1.26409e-10	-19575.4	0
1.553e+06	9.95044e-11	-19598.5	0
1.554e+06	-6.78335e-11	-19632.9	0
1.555e+06	-1.80732e-11	-19675.1	0
1.556e+06	-7.73627e-11	-19720.9	0
1.557e+06	-6.51354e-11	-19765.7	0
1.558e+06	1.24891e-10	-19805.2	0
1.559e+06	4.89859e-12	-19835.4	0
1.56e+06	-5.45794e-11	-19853.5	0
1.561e+06	-9.64002e-12	-19857.8	0
1.562e+06	-1.5967e-10	-19847.8	0
1.563e+06	-2.92849e-11	-19824.7	0
1.564e+06	6.33836e-11	-19790.9	0
1.565e+06	-5.21412e-11	-19749.7	0
1.566e+06	3.1161e-11	-19705.2	0
1.567e+06	-6.2011e-11	-19662	0
1.568e+06	-1.64852e-10	-19624.1	0
1.569e+06	1.28117e-11	-19595.4	0
1.57e+06	-2.7182e-11	-19578.5	0
1.571e+06	8.67533e-12	-19575.2	0
1.572e+06	7.96106e-11	-19585.6	0
1.573e+06	-1.14758e-10	-19608.6	0
1.574e+06	-1.2191e-10	-19641.9	0
1.575e+06	-3.26558e-11	-19682.1	0
1.576e+06	-1.08998e-10	-19725.2	0
1.577e+06	4.73017e-11	-19767	0
1.578e+06	4.55222e-11	-19803.3	0
1.579e+06	-1.21297e-10	-19830.6	0
1.58e+06	-2.27105e-11	-19846.2	0
1.581e+06	-6.38473e-11	-19848.7	0
1.582e+06	-1.00889e-10	-19837.9	0
1.583e+06	7.16903e-11	-19815	0
1.584e+06	-1.78662e-11	-19782.3	0
1.585e+06	-6.23657e-11	-19743	0
1.586e+06	5.22541e-12	-19701.2	0
1.587e+06	-1.0826e-10	-19660.9	0
1.588e+06	-4.17198e-11	-19626.1	0
1.589e+06	6.12032e-11	-19600.2	0
1.59e+06	-4.05169e-11	-19585.7	0
1.591e+06	1.4761e-11	-19584	0
1.592e+06	1.27095e-11	-19595.2	0
1.593e+06	-1.23105e-10	-19618	0
1.594e+06	2.80309e-11	-19650.1	0
1.595e+06	1.51221e-11	-19688.4	0
1.596e+06	-3.74943e-11	-19729	0
1.597e+06	8.99744e-11	-19767.9	0
1.598e+06	-5.60922e-11	-19801.2	0
1.599e+06	-1.11027e-10	-19825.7	0
1.6e+06	3.5472e-11	-19839.1	0
1.601e+06	-5.9828e-11	-19840.1	0
1.602e+06	1.5283e-11	-19828.6	0
1.603e+06	8.42228e-11	-19805.9	0
1.604e+06	-1.10819e-10	-19774.3	0
1.605e+06	-1.26269e-12	-19737	0
1.606e+06	-6.65293e-12	-19697.7	0
1.607e+06	-6.18195e-11	-19660.2	0
1.608e+06	1.00274e-10	-19628.3	0
1.609e+06	7.13847e-12	-19605	0
1.61e+06	-7.0615e-11	-19592.7	0
1.611e+06	4.74745e-11	-19592.5	0
1.612e+06	-8.52343e-11	-19604.2	0
1.613e+06	-6.43552e-11	-19626.7	0
1.614e+06	1.05889e-10	-19657.7	0
1.615e+06	-5.9735e-11	-19694.1	0
1.616e+06	-1.95562e-11	-19732.3	0
1.617e+06	2.67986e-11	-19768.4	0
1.618e+06	-1.66232e-10	-19798.9	0
1.619e+06	1.06559e-11	-19820.9	0
1.62e+06	5.90352e-11	-19832.2	0
1.621e+06	-6.55104e-11	-19831.8	0
1.622e+06	5.32489e-11	-19819.8	0
1.623e+06	-2.71167e-11	-19797.5	0
1.624e+06	-1.2738e-10	-19767.1	0
1.625e+06	5.42053e-11	-19731.6	0
1.626e+06	-4.7108e-13	-19694.7	0
1.627e+06	7.04665e-12	-19659.9	0
1.628e+06	8.32571e-11	-19630.6	0
1.629e+06	-7.28747e-11	-19609.8	0
1.63e+06	-7.17192e-11	-19599.5	0
1.631e+06	2.52155e-11	-19600.5	0
1.632e+06	-2.02458e-11	-19612.7	0
1.633e+06	7.79756e-11	-19634.9	0
1.634e+06	6.443e-11	-19664.7	0
1.635e+06	-5.85447e-11	-19699.3	0
1.636e+06	-2.2114e-11	-19735.1	0
1.637e+06	-2.43383e-11	-19768.6	0
1.638e+06	-4.23661e-11	-19796.5	0
1.639e+06	8.23985e-11	-19816.2	0
1.64e+06	6.35672e-11	-19825.6	0
1.641e+06	-6.27786e-11	-19824	0
1.642e+06	-6.78571e-12	-19811.6	0
1.643e+06	-6.26576e-11	-19789.6	0
1.644e+06	-5.07621e-11	-19760.4	0
1.645e+06	1.11527e-10	-19726.7	0
1.646e+06	1.56282e-11	-19692.1	0
1.647e+06	-3.22212e-11	-19659.8	0
1.648e+06	2.86887e-11	-19633.1	0
1.649e+06	-1.26975e-10	-19614.6	0
1.65e+06	-5.07983e-13	-19606	0
1.651e+06	1.07613e-10	-19608.1	0
1.652e+06	-2.25164e-11	-19620.7	0
1.653e+06	9.90415e-11	-19642.4	0
1.654e+06	1.43476e-11	-19671.1	0
1.655e+06	-9.3944e-11	-19703.9	0
1.656e+06	9.66225e-11	-19737.4	0
1.657e+06	6.79157e-11	-19768.5	0
1.658e+06	2.70727e-11	-19794	0
1.659e+06	1.48166e-10	-19811.5	0
1.66e+06	-2.46553e-11	-19819.2	0
1.661e+06	-3.49921e-11	-19816.6	0
1.662e+06	8.91392e-11	-19803.9	0
1.663e+06	-1.54559e-11	-19782.4	0
1.664e+06	1.00266e-10	-19754.3	0
1.665e+06	1.19905e-10	-19722.4	0
1.666e+06	-7.60293e-11	-19689.9	0
1.667e+06	3.57881e-11	-19660	0
1.668e+06	3.24615e-11	-19635.7	0
1.669e+06	-2.49554e-11	-19619.2	0
1.67e+06	1.66089e-10	-19612.2	0
1.671e+06	8.67714e-11	-19615.3	0
1.672e+06	-4.04321e-11	-19628.2	0
1.673e+06	1.01262e-10	-19649.5	0
1.674e+06	-1.85545e-11	-19677	0
1.675e+06	3.69022e-11	-19708	0
1.676e+06	2.14754e-10	-19739.4	0
1.677e+06	3.76765e-11	-19768.1	0
1.678e+06	6.34988e-11	-19791.4	0
1.679e+06	7.78797e-11	-19806.9	0
1.68e+06	-5.65494e-11	-19813.1	0
1.681e+06	1.32825e-10	-19809.5	0
1.682e+06	1.30927e-10	-19796.6	0
1.683e+06	3.49887e-11	-19775.6	0
1.684e+06	1.51145e-10	-19748.7	0
1.685e+06	2.07745e-11	-19718.5	0
1.686e+06	-3.0285e-11	-19688.1	0
1.687e+06	1.35579e-10	-19660.5	0
1.688e+06	6.51777e-11	-19638.3	0
1.689e+06	1.19783e-10	-19623.8	0
1.69e+06	1.74666e-10	-19618.2	0
1.691e+06	1.40524e-11	-19622.2	0
1.692e+06	5.44183e-11	-19635.2	0
1.693e+06	1.10135e-10	-19656	0
1.694e+06	5.47853e-11	-19682.3	0
1.695e+06	2.1199e-10	-19711.6	0
1.696e+06	1.76016e-10	-19741	0
1.697e+06	3.29211e-12	-19767.6	0
1.698e+06	1.37657e-10	-19788.7	0
1.699e+06	4.6466e-11	-19802.4	0
1.7e+06	3.72728e-11	-19807.2	0
1.701e+06	2.15717e-10	-19802.9	0
1.702e+06	9.71203e-11	-19789.8	0
1.703e+06	7.93283e-11	-19769.4	0
1.704e+06	1.25546e-10	-19743.6	0
1.705e+06	-2.17509e-11	-19715.1	0
1.706e+06	1.15206e-10	-19686.7	0
1.707e+06	1.81791e-10	-19661.2	0
1.708e+06	6.8479e-11	-19641	0
1.709e+06	1.61939e-10	-19628.2	0
1.71e+06	5.805e-11	-19624	0
1.711e+06	-5.72105e-11	-19628.7	0
1.712e+06	1.56325e-10	-19641.8	0
1.713e+06	1.0353e-10	-19662	0
1.714e+06	7.21555e-11	-19687.2	0
1.715e+06	1.70651e-10	-19714.9	0
1.716e+06	5.66662e-12	-19742.3	0
1.717e+06	1.19515e-11	-19766.8	0
1.718e+06	1.25937e-10	-19786	0
1.719e+06	7.29605e-11	-19797.9	0
1.72e+06	1.93956e-10	-19801.6	0
1.721e+06	1.39785e-10	-19796.6	0
1.722e+06	3.16259e-11	-19783.4	0
1.723e+06	9.04281e-11	-19763.6	0
1.724e+06	6.82001e-11	-19739	0
1.725e+06	9.28298e-11	-19712.1	0
1.726e+06	2.06454e-10	-19685.5	0
1.727e+06	1.01932e-10	-19662	0
1.728e+06	7.12403e-11	-19643.8	0
1.729e+06	9.64961e-11	-19632.6	0
1.73e+06	-6.43706e-12	-19629.5	0
1.731e+06	1.05469e-10	-19634.8	0
1.732e+06	1.49234e-10	-19648	0
1.733e+06	9.3483e-11	-19667.5	0
1.734e+06	9.73675e-11	-19691.6	0
1.735e+06	1.39907e-11	-19717.7	0
1.736e+06	1.53454e-11	-19743.3	0
1.737e+06	1.17593e-10	-19765.9	0
1.738e+06	1.05607e-10	-19783.2	0
1.739e+06	1.25562e-10	-19793.7	0
1.74e+06	1.07545e-10	-19796.2	0
1.741e+06	-3.22738e-12	-19790.6	0
1.742e+06	3.85055e-11	-19777.5	0
1.743e+06	9.58439e-11	-19758.2	0
1.744e+06	7.98382e-11	-19734.8	0
1.745e+06	1.74275e-10	-19709.4	0
1.746e+06	1.19866e-10	-19684.7	0
1.747e+06	7.81679e-12	-19663	0
1.748e+06	8.75229e-11	-19646.5	0
1.749e+06	4.77818e-11	-19636.8	0
1.75e+06	6.40326e-11	-19634.8	0
1.751e+06	1.95767e-10	-19640.7	0
1.752e+06	7.12916e-11	-19653.7	0
1.753e+06	7.54301e-11	-19672.7	0
1.754e+06	1.10313e-10	-19695.6	0
1.755e+06	2.67345e-11	-19720.2	0
1.756e+06	1.46296e-10	-19744.1	0
1.757e+06	1.98201e-10	-19764.8	0
1.758e+06	1.20493e-10	-19780.5	0
1.759e+06	1.40287e-10	-19789.5	0
1.76e+06	6.75178e-11	-19791	0
1.761e+06	3.35283e-11	-19784.9	0
1.762e+06	1.30496e-10	-19771.9	0
1.763e+06	1.31337e-10	-19753.3	0
1.764e+06	1.26303e-10	-19730.9	0
1.765e+06	1.50782e-10	-19707.1	0
1.766e+06	1.46296e-11	-19684	0
1.767e+06	1.23925e-11	-19664.1	0
1.768e+06	1.21333e-10	-19649.3	0
1.769e+06	6.9808e-11	-19640.9	0
1.77e+06	1.48947e-10	-19639.9	0
1.771e+06	1.28982e-10	-19646.1	0
1.772e+06	-1.59666e-11	-19659.1	0
1.773e+06	8.29273e-11	-19677.4	0
1.774e+06	8.83717e-11	-19699.2	0
1.775e+06	8.44023e-11	-19722.4	0
1.776e+06	2.23589e-10	-19744.6	0
1.777e+06	1.01738e-10	-19763.7	0
1.778e+06	4.52429e-11	-19777.7	0
1.779e+06	9.76329e-11	-19785.5	0
1.78e+06	1.67431e-11	-19786.1	0
1.781e+06	1.12439e-10	-19779.6	0
1.782e+06	1.3438e-10	-19766.8	0
1.783e+06	3.82774e-11	-19748.8	0
1.784e+06	8.84508e-11	-19727.5	0
1.785e+06	3.82521e-11	-19705	0
1.786e+06	1.50606e-11	-19683.6	0
1.787e+06	1.45309e-10	-19665.3	0
1.788e+06	1.05659e-10	-19652	0
1.789e+06	9.89022e-11	-19644.9	0
1.79e+06	1.1474e-10	-19644.7	0
1.791e+06	1.43862e-11	-19651.3	0
1.792e+06	6.03145e-11	-19664.1	0
1.793e+06	1.39808e-10	-19681.7	0
1.794e+06	8.17479e-11	-19702.5	0
1.795e+06	1.4295e-10	-19724.2	0
1.796e+06	9.22617e-11	-19744.9	0
1.797e+06	-4.22625e-12	-19762.4	0
1.798e+06	7.02206e-11	-19775	0
1.799e+06	7.06492e-11	-19781.5	0
1.8e+06	8.88619e-11	-19781.4	0
1.801e+06	1.61041e-10	-19774.6	0
1.802e+06	5.93239e-11	-19761.9	0
1.803e+06	2.71416e-11	-19744.6	0
1.804e+06	8.656e-11	-19724.4	0
1.805e+06	2.02668e-11	-19703.3	0
1.806e+06	1.08663e-10	-19683.4	0
1.807e+06	1.77801e-10	-19666.7	0
1.808e+06	3.68959e-11	-19654.7	0
1.809e+06	6.58768e-11	-19648.7	0
1.81e+06	9.4604e-11	-19649.2	0
1.811e+06	-1.26648e-11	-19656.1	0
1.812e+06	1.39095e-10	-19668.7	0
1.813e+06	1.31733e-10	-19685.7	0
1.814e+06	5.66878e-11	-19705.4	0
1.815e+06	1.42407e-10	-19725.9	0
1.816e+06	4.83825e-11	-19745	0
1.817e+06	1.41578e-11	-19761	0
1.818e+06	1.6375e-10	-19772.3	0
1.819e+06	9.98559e-11	-19777.8	0
1.82e+06	1.21042e-10	-19776.9	0
1.821e+06	1.67277e-10	-19769.9	0
1.822e+06	3.43748e-11	-19757.5	0
1.823e+06	4.32483e-11	-19740.8	0
1.824e+06	1.3252e-10	-19721.6	0
1.825e+06	7.97508e-11	-19701.8	0
1.826e+06	1.65145e-10	-19683.4	0
1.827e+06	1.36545e-10	-19668.1	0
1.828e+06	1.76354e-11	-19657.4	0
1.829e+06	9.04199e-11	-19652.4	0
1.83e+06	8.16105e-11	-19653.6	0
1.831e+06	5.94848e-11	-19660.7	0
1.832e+06	1.7959e-10	-19673	0
1.833e+06	8.12404e-11	-19689.4	0
1.834e+06	4.65607e-11	-19708.1	0
1.835e+06	1.12671e-10	-19727.2	0
1.836e+06	3.39992e-12	-19745	0
1.837e+06	1.02277e-10	-19759.6	0
1.838e+06	1.80877e-10	-19769.6	0
1.839e+06	4.58192e-11	-19774.1	0
1.84e+06	1.288e-10	-19772.7	0
1.841e+06	8.5792e-11	-19765.5	0
1.842e+06	6.93278e-12	-19753.3	0
1.843e+06	1.72969e-10	-19737.3	0
1.844e+06	1.17187e-10	-19719.1	0
1.845e+06	7.11835e-11	-19700.6	0
1.846e+06	1.68221e-10	-19683.5	0
1.847e+06	2.27024e-11	-19669.5	0
1.848e+06	4.88789e-11	-19660.1	0
1.849e+06	1.7214e-10	-19656	0
1.85e+06	6.20627e-11	-19657.7	0
1.851e+06	1.41768e-10	-19665	0
1.852e+06	1.579e-10	-19677.1	0
1.853e+06	-1.17417e-11	-19692.7	0
1.854e+06	1.10805e-10	-19710.4	0
1.855e+06	1.20996e-10	-19728.4	0
1.856e+06	-4.20179e-12	-19744.8	0
1.857e+06	1.98535e-10	-19758.1	0
1.858e+06	7.09185e-11	-19767	0
1.859e+06	-2.92013e-11	-19770.7	0
1.86e+06	1.3943e-10	-19768.7	0
1.861e+06	-3.76459e-11	-19761.4	0
1.862e+06	3.39192e-11	-19749.4	0
1.863e+06	1.85132e-10	-19734.1	0
1.864e+06	-3.59641e-11	-19716.9	0
1.865e+06	4.30252e-11	-19699.5	0
1.866e+06	1.06953e-10	-19683.7	0
1.867e+06	-1.12556e-10	-19671	0
1.868e+06	1.53484e-10	-19662.7	0
1.869e+06	1.09143e-10	-19659.4	0
1.87e+06	-2.51818e-11	-19661.6	0
1.871e+06	1.61642e-10	-19669	0
1.872e+06	-3.44091e-11	-19680.8	0
1.873e+06	-5.52954e-11	-19695.8	0
1.874e+06	1.59105e-10	-19712.5	0
1.875e+06	-1.98053e-11	-19729.3	0
1.876e+06	8.24422e-11	-19744.5	0
1.877e+06	1.49393e-10	-19756.6	0
1.878e+06	-1.12108e-10	-19764.5	0
1.879e+06	7.93258e-11	-19767.3	0
1.88e+06	6.50159e-11	-19764.9	0
1.881e+06	-5.31234e-11	-19757.5	0
1.882e+06	2.04606e-10	-19745.9	0
1.883e+06	5.48987e-11	-19731.2	0
1.884e+06	-4.52022e-11	-19714.9	0
1.885e+06	1.38362e-10	-19698.7	0
1.886e+06	-3.32601e-11	-19684.1	0
1.887e+06	4.04493e-11	-19672.5	0
1.888e+06	1.9452e-10	-19665.2	0
1.889e+06	-2.51954e-11	-19662.7	0
1.89e+06	5.84838e-11	-19665.3	0
1.891e+06	8.27891e-11	-19672.7	0
1.892e+06	-7.97384e-11	-19684.2	0
1.893e+06	1.22727e-10	-19698.6	0
1.894e+06	1.05478e-10	-19714.4	0
1.895e+06	-3.8657e-11	-19730	0
1.896e+06	1.37932e-10	-19744.1	0
1.897e+06	-7.86371e-12	-19755.1	0
1.898e+06	-9.69651e-11	-19761.9	0
1.899e+06	1.43694e-10	-19764.1	0
1.9e+06	1.02901e-11	-19761.3	0
1.901e+06	4.07508e-11	-19753.8	0
1.902e+06	1.58823e-10	-19742.6	0
1.903e+06	-4.87556e-11	-19728.5	0
1.904e+06	2.48274e-11	-19713.2	0
1.905e+06	1.01437e-10	-19698	0
1.906e+06	-2.24543e-11	-19684.6	0
1.907e+06	1.37907e-10	-19674.1	0
1.908e+06	9.78816e-11	-19667.7	0
1.909e+06	-5.33767e-11	-19665.9	0
1.91e+06	8.01459e-11	-19668.8	0
1.911e+06	1.38261e-12	-19676.3	0
1.912e+06	7.5541e-12	-19687.4	0
1.913e+06	1.935e-10	-19701.1	0
1.914e+06	4.13658e-11	-19716	0
1.915e+06	2.98454e-11	-19730.6	0
1.916e+06	1.17592e-10	-19743.6	0
1.917e+06	-6.49225e-11	-19753.5	0
1.918e+06	8.1552e-11	-19759.5	0
1.919e+06	1.9076e-10	-19761	0
1.92e+06	1.3292e-11	-19757.9	0
1.921e+06	1.24806e-10	-19750.5	0
1.922e+06	8.21457e-11	-19739.5	0
1.923e+06	-8.28987e-11	-19726.1	0
1.924e+06	1.53533e-10	-19711.6	0
1.925e+06	9.75317e-11	-19697.5	0
1.926e+06	4.25747e-11	-19685.1	0
1.927e+06	1.64753e-10	-19675.7	0
1.928e+06	-5.20185e-12	-19670.1	0
1.929e+06	-2.98742e-11	-19668.9	0
1.93e+06	1.45545e-10	-19672.1	0
1.931e+06	2.77407e-11	-19679.5	0
1.932e+06	1.09937e-10	-19690.3	0
1.933e+06	1.56132e-10	-19703.4	0
1.934e+06	-5.2121e-11	-19717.4	0
1.935e+06	4.42017e-11	-19731.1	0
1.936e+06	8.47496e-11	-19743	0
1.937e+06	-1.4523e-11	-19751.9	0
1.938e+06	1.91652e-10	-19757.1	0
1.939e+06	1.03275e-10	-19758.1	0
1.94e+06	-4.48059e-11	-19754.7	0
1.941e+06	1.17029e-10	-19747.3	0
1.942e+06	-3.57841e-11	-19736.7	0
1.943e+06	2.3499e-11	-19723.9	0
1.944e+06	2.02234e-10	-19710.3	0
1.945e+06	2.54605e-11	-19697.1	0
1.946e+06	4.4032e-11	-19685.7	0
1.947e+06	6.86528e-11	-19677.2	0
1.948e+06	-7.90066e-11	-19672.4	0
1.949e+06	5.30808e-11	-19671.7	0
1.95e+06	1.15011e-10	-19675.3	0
1.951e+06	1.33574e-11	-19682.6	0
1.952e+06	1.01103e-10	-19693	0
1.953e+06	-1.71325e-11	-19705.5	0
1.954e+06	-7.32603e-11	-19718.7	0
1.955e+06	1.16971e-10	-19731.4	0
1.956e+06	4.81109e-11	-19742.3	0
1.957e+06	5.80857e-11	-19750.4	0
1.958e+06	1.47501e-10	-19754.8	0
1.959e+06	-4.24683e-11	-19755.3	0
1.96e+06	-1.16918e-12	-19751.6	0
1.961e+06	1.12129e-10	-19744.3	0
1.962e+06	-5.83987e-12	-19734.1	0
1.963e+06	1.04272e-10	-19722	0
1.964e+06	1.16751e-10	-19709.1	0
1.965e+06	-6.75641e-11	-19696.9	0
1.966e+06	5.15712e-11	-19686.4	0
1.967e+06	3.11324e-11	-19678.8	0
1.968e+06	-1.34025e-11	-19674.7	0
1.969e+06	1.69186e-10	-19674.5	0
1.97e+06	6.74206e-11	-19678.2	0
1.971e+06	-2.35e-11	-19685.5	0
1.972e+06	5.80873e-11	-19695.5	0
1.973e+06	-6.14252e-11	-19707.3	0
1.974e+06	2.30214e-11	-19719.8	0
1.975e+06	1.53933e-10	-19731.6	0
1.976e+06	-8.39387e-12	-19741.6	0
1.977e+06	5.0455e-11	-19748.8	0
1.978e+06	2.42702e-11	-19752.6	0
1.979e+06	-1.07012e-10	-19752.6	0
1.98e+06	9.67522e-11	-19748.8	0
1.981e+06	7.05249e-11	-19741.6	0
1.982e+06	3.37326e-11	-19731.7	0
1.983e+06	1.01017e-10	-19720.2	0
1.984e+06	-4.18001e-11	-19708.1	0
1.985e+06	-6.40023e-11	-19696.8	0
1.986e+06	7.44148e-11	-19687.2	0
1.987e+06	-1.07012e-11	-19680.3	0
1.988e+06	6.24383e-11	-19676.8	0
1.989e+06	1.06714e-10	-19677.1	0
1.99e+06	-1.05608e-10	-19681	0
1.991e+06	-2.24616e-11	-19688.1	0
1.992e+06	2.82608e-11	-19697.8	0
1.993e+06	-4.08022e-11	-19709	0
1.994e+06	1.37136e-10	-19720.7	0
1.995e+06	7.95412e-11	-19731.7	0
1.996e+06	-8.40396e-11	-19740.8	0
1.997e+06	5.84376e-11	-19747.3	0
1.998e+06	-2.89975e-11	-19750.5	0
1.999e+06	-2.00574e-11	-19750	0
2e+06	1.649e-10	-19746.1	0
2.001e+06	-2.3029e-12	-19739	0
2.002e+06	-2.79517e-12	-19729.5	0
2.003e+06	3.19529e-11	-19718.6	0
2.004e+06	-1.40203e-10	-19707.3	0
2.005e+06	2.0008e-11	-19696.7	0
2.006e+06	7.82813e-11	-19688	0
2.007e+06	-5.19114e-11	-19681.8	0
2.008e+06	7.18506e-11	-19679	0
2.009e+06	-5.95618e-11	-19679.6	0
2.01e+06	-1.36205e-10	-19683.6	0
2.011e+06	7.37308e-11	-19690.6	0
2.012e+06	-1.04906e-11	-19699.9	0
2.013e+06	1.02751e-11	-19710.5	0
2.014e+06	1.2881e-10	-19721.5	0
2.015e+06	-1.06286e-10	-19731.6	0
2.016e+06	-3.49574e-11	-19740	0
2.017e+06	9.07871e-11	-19745.8	0
2.018e+06	-7.58634e-11	-19748.4	0
2.019e+06	1.1407e-10	-19747.6	0
2.02e+06	1.19301e-10	-19743.6	0
2.021e+06	-1.02636e-10	-19736.6	0
2.022e+06	9.19065e-11	-19727.5	0
2.023e+06	3.30148e-11	-19717.1	0
2.024e+06	-2.12353e-12	-19706.6	0
2.025e+06	2.12677e-10	-19696.8	0
2.026e+06	4.28285e-11	-19688.8	0
2.027e+06	2.38086e-12	-19683.3	0
2.028e+06	1.51527e-10	-19681	0
2.029e+06	-4.48224e-11	-19681.9	0
2.03e+06	9.10865e-11	-19686	0
2.031e+06	2.20791e-10	-19692.9	0
2.032e+06	4.49845e-12	-19701.8	0
2.033e+06	1.03937e-10	-19711.9	0
2.034e+06	7.47086e-11	-19722.1	0
2.035e+06	-7.4921e-11	-19731.5	0
2.036e+06	1.80055e-10	-19739.2	0
2.037e+06	1.06816e-10	-19744.3	0
2.038e+06	2.6349e-12	-19746.4	0
2.039e+06	1.81286e-10	-19745.3	0
2.04e+06	-2.97043e-11	-19741.2	0
2.041e+06	-3.44052e-11	-19734.4	0
2.042e+06	2.02876e-10	-19725.7	0
2.043e+06	-2.91803e-11	-19715.9	0
2.044e+06	1.12043e-10	-19706	0
2.045e+06	1.54342e-10	-19696.9	0
2.046e+06	-1.08291e-10	-19689.6	0
2.047e+06	7.37311e-11	-19684.8	0
2.048e+06	1.09768e-10	-19682.9	0
2.049e+06	-2.77689e-11	-19684.1	0
2.05e+06	1.67159e-10	-19688.3	0
2.051e+06	4.73634e-11	-19695	0
2.052e+06	-5.94232e-11	-19703.6	0
2.053e+06	1.16021e-10	-19713.1	0
2.054e+06	1.02602e-11	-19722.7	0
2.055e+06	3.76425e-11	-19731.4	0
2.056e+06	1.8969e-10	-19738.3	0
2.057e+06	-1.72977e-11	-19742.8	0
2.058e+06	2.29556e-11	-19744.5	0
2.059e+06	8.78648e-11	-19743.2	0
2.06e+06	-3.99837e-11	-19739	0
2.061e+06	1.23968e-10	-19732.4	0
2.062e+06	1.26101e-10	-19724	0
2.063e+06	-9.22439e-12	-19714.7	0
2.064e+06	9.72924e-11	-19705.5	0
2.065e+06	1.79962e-11	-19697.1	0
2.066e+06	-3.8936e-11	-19690.5	0
2.067e+06	1.5313e-10	-19686.3	0
2.068e+06	8.52829e-11	-19684.8	0
2.069e+06	4.03256e-11	-19686.3	0
2.07e+06	1.5135e-10	-19690.5	0
2.071e+06	-1.36913e-11	-19697	0
2.072e+06	2.35955e-11	-19705.1	0
2.073e+06	1.54884e-10	-19714.2	0
2.074e+06	4.49242e-11	-19723.1	0
2.075e+06	9.20315e-11	-19731.2	0
2.076e+06	1.34848e-10	-19737.5	0
2.077e+06	-2.48728e-11	-19741.4	0
2.078e+06	6.02546e-11	-19742.7	0
2.079e+06	9.74623e-11	-19741.1	0
2.08e+06	3.98017e-11	-19736.9	0
2.081e+06	1.6429e-10	-19730.5	0
2.082e+06	8.97198e-11	-19722.5	0
2.083e+06	4.24781e-12	-19713.7	0
2.084e+06	1.03635e-10	-19705.1	0
2.085e+06	2.94003e-11	-19697.4	0
2.086e+06	9.08276e-11	-19691.4	0
2.087e+06	2.25047e-10	-19687.7	0
2.088e+06	4.02471e-11	-19686.6	0
2.089e+06	1.01432e-10	-19688.3	0
2.09e+06	1.06623e-10	-19692.5	0
2.091e+06	-2.09019e-12	-19698.8	0
2.092e+06	1.53854e-10	-19706.6	0
2.093e+06	1.78142e-10	-19715.1	0
2.094e+06	5.51944e-11	-19723.5	0
2.095e+06	1.33584e-10	-19730.9	0
2.096e+06	3.91195e-11	-19736.6	0
2.097e+06	-1.07288e-11	-19740	0
2.098e+06	1.58659e-10	-19740.9	0
2.099e+06	1.00126e-10	-19739.2	0
2.1e+06	6.87313e-11	-19735	0
2.101e+06	1.69964e-10	-19728.7	0
2.102e+06	-1.40643e-11	-19721.1	0
2.103e+06	5.9288e-12	-19712.8	0
2.104e+06	1.7707e-10	-19704.8	0
2.105e+06	4.86505e-11	-19697.7	0
2.106e+06	1.59309e-10	-19692.3	0
2.107e+06	1.73325e-10	-19689	0
2.108e+06	-3.99694e-11	-19688.3	0
2.109e+06	9.69966e-11	-19690.1	0
2.11e+06	8.51488e-11	-19694.3	0
2.111e+06	4.61478e-11	-19700.5	0
2.112e+06	2.2187e-10	-19707.9	0
2.113e+06	6.95565e-11	-19715.9	0
2.114e+06	1.07121e-11	-19723.7	0
2.115e+06	1.0275e-10	-19730.5	0
2.116e+06	6.79386e-12	-19735.7	0
2.117e+06	1.17201e-10	-19738.7	0
2.118e+06	1.96181e-10	-19739.2	0
2.119e+06	3.73713e-11	-19737.3	0
2.12e+06	7.36903e-11	-19733.2	0
2.121e+06	5.02363e-11	-19727.1	0
2.122e+06	-1.62003e-11	-19719.9	0
2.123e+06	1.65023e-10	-19712.1	0
2.124e+06	1.52546e-10	-19704.6	0
2.125e+06	5.95031e-11	-19698	0
2.126e+06	1.18054e-10	-19693.1	0
2.127e+06	1.28231e-11	-19690.4	0
2.128e+06	-1.35028e-11	-19689.9	0
2.129e+06	1.63431e-10	-19691.9	0
2.13e+06	8.53216e-11	-19696.1	0
2.131e+06	8.47512e-11	-19702	0
2.132e+06	1.45146e-10	-19709.1	0
2.133e+06	-4.64418e-11	-19716.7	0
2.134e+06	2.53739e-11	-19723.9	0
2.135e+06	1.44977e-10	-19730.2	0
2.136e+06	3.96457e-11	-19734.8	0
2.137e+06	1.36495e-10	-19737.4	0
2.138e+06	1.15321e-10	-19737.7	0
2.139e+06	-5.85862e-11	-19735.6	0
2.14e+06	6.65401e-11	-19731.5	0
2.141e+06	4.69167e-11	-19725.6	0
2.142e+06	2.0501e-11	-19718.7	0
2.143e+06	1.75262e-10	-19711.4	0
2.144e+06	4.70222e-11	-19704.4	0
2.145e+06	-1.55509e-11	-19698.4	0
2.146e+06	9.64969e-11	-19694	0
2.147e+06	-3.37693e-12	-19691.6	0
2.148e+06	5.70378e-11	-19691.5	0
2.149e+06	2.08785e-10	-19693.6	0
2.15e+06	1.45069e-11	-19697.7	0
2.151e+06	5.96132e-11	-19703.4	0
2.152e+06	8.19152e-11	-19710.2	0
2.153e+06	-6.08525e-11	-19717.3	0
2.154e+06	1.42666e-10	-19724	0
2.155e+06	1.34784e-10	-19729.8	0
2.156e+06	9.97483e-12	-19733.9	0
2.157e+06	1.61274e-10	-19736.1	0
2.158e+06	1.63576e-11	-19736.1	0
2.159e+06	5.21369e-12	-19734	0
2.16e+06	2.0931e-10	-19729.9	0
2.161e+06	6.76063e-11	-19724.3	0
2.162e+06	1.20609e-10	-19717.7	0
2.163e+06	1.33967e-10	-19710.8	0
2.164e+06	-5.89772e-11	-19704.3	0
2.165e+06	8.24548e-11	-19698.8	0
2.166e+06	1.18983e-10	-19694.9	0
2.167e+06	2.32072e-11	-19692.9	0
2.168e+06	2.05915e-10	-19693	0
2.169e+06	7.0616e-11	-19695.2	0
2.17e+06	-4.37709e-11	-19699.2	0
2.171e+06	1.56848e-10	-19704.7	0
2.172e+06	4.67967e-11	-19711.1	0
2.173e+06	8.17434e-11	-19717.8	0
2.174e+06	2.50321e-10	-19724.1	0
2.175e+06	5.72096e-11	-19729.3	0
2.176e+06	5.3054e-11	-19733.1	0
2.177e+06	1.49717e-10	-19734.9	0
2.178e+06	2.43449e-12	-19734.7	0
2.179e+06	1.55548e-10	-19732.4	0
2.18e+06	2.1372e-10	-19728.4	0
2.181e+06	3.49741e-11	-19723	0
2.182e+06	1.57342e-10	-19716.8	0
2.183e+06	7.04919e-11	-19710.3	0
2.184e+06	3.18339e-11	-19704.3	0
2.185e+06	2.29056e-10	-19699.3	0
2.186e+06	9.90133e-11	-19695.8	0
2.187e+06	9.11801e-11	-19694.1	0
2.188e+06	1.66102e-10	-19694.4	0
2.189e+06	-2.85038e-11	-19696.7	0
2.19e+06	1.0947e-10	-19700.6	0
2.191e+06	1.76481e-10	-19705.9	0
2.192e+06	4.49496e-11	-19712	0
2.193e+06	2.00478e-10	-19718.3	0
2.194e+06	7.86661e-11	-19724.1	0
2.195e+06	-2.73855e-11	-19728.9	0
2.196e+06	1.70907e-10	-19732.2	0
2.197e+06	7.35742e-11	-19733.7	0
2.198e+06	1.10658e-10	-19733.3	0
2.199e+06	2.44797e-10	-19731	0
2.2e+06	2.90444e-11	-19727.1	0
2.201e+06	7.32209e-11	-19721.9	0
2.202e+06	1.63839e-10	-19716	0
2.203e+06	2.34932e-11	-19709.9	0
2.204e+06	2.05209e-10	-19704.3	0
2.205e+06	1.83051e-10	-19699.7	0
2.206e+06	-1.05218e-11	-19696.6	0
2.207e+06	1.65586e-10	-19695.2	0
2.208e+06	7.18054e-11	-19695.7	0
2.209e+06	1.33634e-11	-19698.1	0
2.21e+06	2.63454e-10	-19702	0
2.211e+06	1.00776e-10	-19707	0
2.212e+06	4.02861e-11	-19712.8	0
2.213e+06	1.95685e-10	-19718.7	0
2.214e+06	-1.40741e-11	-19724	0
2.215e+06	1.01561e-10	-19728.4	0
2.216e+06	2.50628e-10	-19731.4	0
2.217e+06	4.74917e-11	-19732.6	0
2.218e+06	1.69311e-10	-19732	0
2.219e+06	1.50944e-10	-19729.7	0
2.22e+06	-3.8785e-11	-19725.8	0
2.221e+06	2.15709e-10	-19720.8	0
2.222e+06	1.64969e-10	-19715.2	0
2.223e+06	7.10823e-11	-19709.6	0
2.224e+06	2.58163e-10	-19704.4	0
2.225e+06	4.1605e-11	-19700.2	0
2.226e+06	1.48263e-11	-19697.4	0
2.227e+06	2.04099e-10	-19696.3	0
2.228e+06	3.84086e-11	-19697	0
2.229e+06	1.41795e-10	-19699.4	0
2.23e+06	2.08572e-10	-19703.2	0
2.231e+06	-1.8996e-11	-19708	0
2.232e+06	9.98581e-11	-19713.5	0
2.233e+06	1.09751e-10	-19719	0
2.234e+06	8.73318e-12	-19723.9	0
2.235e+06	2.12839e-10	-19727.9	0
2.236e+06	1.18184e-10	-19730.5	0
2.237e+06	1.81305e-11	-19731.5	0
2.238e+06	1.60028e-10	-19730.8	0
2.239e+06	5.9016e-11	-19728.4	0
2.24e+06	8.12855e-11	-19724.6	0
2.241e+06	2.42107e-10	-19719.9	0
2.242e+06	6.88518e-11	-19714.6	0
2.243e+06	1.32825e-10	-19709.3	0
2.244e+06	1.62663e-10	-19704.5	0
2.245e+06	-8.96327e-12	-19700.7	0
2.246e+06	1.65784e-10	-19698.3	0
2.247e+06	1.77165e-10	-19697.4	0
2.248e+06	6.23665e-11	-19698.2	0
2.249e+06	1.89713e-10	-19700.6	0
2.25e+06	9.5614e-11	-19704.3	0
2.251e+06	8.46908e-13	-19709	0
2.252e+06	1.92877e-10	-19714.1	0
2.253e+06	1.32339e-10	-19719.2	0
2.254e+06	8.55924e-11	-19723.8	0
2.255e+06	1.87288e-10	-19727.4	0
2.256e+06	2.26589e-11	-19729.7	0
2.257e+06	3.24237e-11	-19730.5	0
2.258e+06	1.73235e-10	-19729.6	0
2.259e+06	2.76204e-11	-19727.2	0
2.26e+06	1.23305e-10	-19723.6	0
2.261e+06	1.81308e-10	-19719	0
2.262e+06	-9.23233e-12	-19714	0
2.263e+06	9.38284e-11	-19709.1	0
2.264e+06	8.1114e-11	-19704.6	0
2.265e+06	2.16273e-11	-19701.2	0
2.266e+06	1.80191e-10	-19699.1	0
2.267e+06	1.02882e-10	-19698.4	0
2.268e+06	4.04062e-11	-19699.4	0
2.269e+06	1.07597e-10	-19701.7	0
2.27e+06	1.05723e-11	-19705.3	0
2.271e+06	6.02721e-11	-19709.8	0
2.272e+06	1.90086e-10	-19714.6	0
2.273e+06	4.03369e-11	-19719.4	0
2.274e+06	7.24667e-11	-19723.7	0
2.275e+06	1.1031e-10	-19726.9	0
2.276e+06	-4.63339e-11	-19728.9	0
2.277e+06	1.03255e-10	-19729.5	0
2.278e+06	1.31354e-10	-19728.5	0
2.279e+06	2.94279e-11	-19726.1	0
2.28e+06	1.37467e-10	-19722.6	0
2.281e+06	5.39536e-11	-19718.2	0
2.282e+06	-2.1185e-12	-19713.5	0
2.283e+06	1.08344e-10	-19708.9	0
2.284e+06	5.6571e-11	-19704.8	0
2.285e+06	6.69578e-11	-19701.7	0
2.286e+06	1.1804e-10	-19699.8	0
2.287e+06	5.69893e-12	-19699.4	0
2.288e+06	2.72054e-11	-19700.4	0
2.289e+06	7.38111e-11	-19702.8	0
2.29e+06	2.67057e-11	-19706.3	0
2.291e+06	1.10961e-10	-19710.5	0
2.292e+06	9.62811e-11	-19715.1	0
2.293e+06	8.96951e-12	-19719.6	0
2.294e+06	4.62963e-11	-19723.5	0
2.295e+06	3.60649e-11	-19726.4	0
2.296e+06	3.33331e-11	-19728.2	0
2.297e+06	1.02669e-10	-19728.5	0
2.298e+06	6.25886e-11	-19727.4	0
2.299e+06	3.57776e-11	-19725.1	0
2.3e+06	6.52369e-11	-19721.6	0
2.301e+06	8.39996e-12	-19717.5	0
2.302e+06	4.59201e-11	-19713	0
2.303e+06	9.40271e-11	-19708.7	0
2.304e+06	4.71299e-11	-19705	0
2.305e+06	4.21103e-11	-19702.2	0
2.306e+06	4.80838e-11	-19700.6	0
2.307e+06	-1.04436e-11	-19700.3	0
2.308e+06	5.6555e-11	-19701.5	0
2.309e+06	7.43366e-11	-19703.8	0
2.31e+06	5.51497e-11	-19707.2	0
2.311e+06	6.55911e-11	-19711.2	0
2.312e+06	2.99211e-11	-19715.5	0
2.313e+06	4.16763e-12	-19719.7	0
2.314e+06	5.64012e-11	-19723.3	0
2.315e+06	5.16828e-11	-19725.9	0
2.316e+06	6.6877e-11	-19727.4	0
2.317e+06	5.29282e-11	-19727.6	0
2.318e+06	9.24067e-14	-19726.4	0
2.319e+06	1.37056e-11	-19724.1	0
2.32e+06	1.85296e-11	-19720.8	0
2.321e+06	4.44455e-11	-19716.8	0
2.322e+06	5.63458e-11	-19712.7	0
2.323e+06	3.421e-11	-19708.7	0
2.324e+06	-2.69181e-11	-19705.2	0
2.325e+06	-1.86773e-11	-19702.7	0
2.326e+06	-1.61484e-12	-19701.3	0
2.327e+06	6.8773e-12	-19701.2	0
2.328e+06	2.0408e-11	-19702.4	0
2.329e+06	2.1095e-11	-19704.7	0
2.33e+06	-3.62505e-11	-19708	0
2.331e+06	-4.88778e-11	-19711.8	0
2.332e+06	-1.03543e-11	-19715.9	0
2.333e+06	-1.18051e-11	-19719.8	0
2.334e+06	8.40705e-12	-19723	0
2.335e+06	2.21585e-11	-19725.4	0
2.336e+06	-3.07273e-11	-19726.7	0
2.337e+06	-3.62043e-11	-19726.7	0
2.338e+06	-1.2502e-11	-19725.5	0
2.339e+06	-3.4141e-11	-19723.2	0
2.34e+06	3.9908e-11	-19720	0
2.341e+06	1.10477e-11	-19716.3	0
2.342e+06	-2.62195e-11	-19712.3	0
2.343e+06	1.48147e-11	-19708.6	0
2.344e+06	-4.68218e-11	-19705.5	0
2.345e+06	1.24371e-11	-19703.2	0
2.346e+06	4.74205e-11	-19702	0
2.347e+06	1.0873e-11	-19702.1	0
2.348e+06	1.88083e-11	-19703.3	0
2.349e+06	-1.11688e-11	-19705.6	0
2.35e+06	-3.0683e-11	-19708.8	0
2.351e+06	2.91905e-12	-19712.4	0
2.352e+06	4.43428e-12	-19716.2	0
2.353e+06	3.84153e-11	-19719.8	0
2.354e+06	1.59628e-12	-19722.8	0
2.355e+06	-8.22946e-12	-19724.9	0
2.356e+06	-2.37792e-12	-19726	0
2.357e+06	-1.4324e-11	-19725.9	0
2.358e+06	1.61584e-11	-19724.6	0
2.359e+06	3.54648e-11	-19722.4	0
2.36e+06	3.32755e-12	-19719.3	0
2.361e+06	-1.29634e-11	-19715.7	0
2.362e+06	1.27548e-11	-19712	0
2.363e+06	-7.48507e-11	-19708.6	0
2.364e+06	-4.08768e-12	-19705.7	0
2.365e+06	3.32917e-11	-19703.7	0
2.366e+06	-3.86919e-11	-19702.7	0
2.367e+06	3.41043e-11	-19702.9	0
2.368e+06	-1.08872e-11	-19704.2	0
2.369e+06	-6.844e-11	-19706.4	0
2.37e+06	4.79186e-11	-19709.4	0
2.371e+06	2.16742e-11	-19712.9	0
2.372e+06	-5.36654e-13	-19716.5	0
2.373e+06	5.45596e-11	-19719.8	0
2.374e+06	-4.02668e-11	-19722.5	0
2.375e+06	-3.75554e-11	-19724.5	0
2.376e+06	2.27368e-11	-19725.3	0
2.377e+06	-1.8313e-11	-19725.1	0
2.378e+06	2.59986e-11	-19723.8	0
2.379e+06	1.80294e-11	-19721.6	0
2.38e+06	-7.85842e-11	-19718.6	0
2.381e+06	-1.519e-11	-19715.3	0
2.382e+06	2.52864e-12	-19711.8	0
2.383e+06	-8.65709e-12	-19708.6	0
2.384e+06	4.92331e-11	-19706	0
2.385e+06	-1.20207e-11	-19704.2	0
2.386e+06	-3.96819e-11	-19703.4	0
2.387e+06	-1.09561e-12	-19703.6	0
2.388e+06	-4.01433e-11	-19705	0
2.389e+06	-1.56909e-12	-19707.2	0
2.39e+06	5.50972e-11	-19710.1	0
2.391e+06	-2.38232e-11	-19713.3	0
2.392e+06	2.9979e-11	-19716.7	0
2.393e+06	1.48964e-11	-19719.8	0
2.394e+06	-2.83049e-11	-19722.3	0
2.395e+06	7.86912e-11	-19724	0
2.396e+06	1.65434e-11	-19724.7	0
2.397e+06	1.55802e-11	-19724.4	0
2.398e+06	5.1612e-11	-19723	0
2.399e+06	-3.92668e-11	-19720.9	0
2.4e+06	2.77897e-11	-19718	0
2.401e+06	5.08412e-11	-19714.8	0
2.402e+06	-9.23214e-13	-19711.6	0
2.403e+06	7.74666e-11	-19708.6	0
2.404e+06	2.94812e-12	-19706.2	0
2.405e+06	-2.56414e-11	-19704.6	0
2.406e+06	5.93175e-11	-19704	0
2.407e+06	1.01824e-11	-19704.4	0
2.408e+06	4.03418e-11	-19705.7	0
2.409e+06	9.15248e-11	-19707.9	0
2.41e+06	-2.14928e-11	-19710.6	0
2.411e+06	2.76541e-11	-19713.7	0
2.412e+06	5.85912e-11	-19716.9	0
2.413e+06	-1.96198e-11	-19719.7	0
2.414e+06	8.42276e-11	-19722	0
2.415e+06	7.66001e-11	-19723.5	0
2.416e+06	-1.57294e-11	-19724.1	0
2.417e+06	5.8324e-11	-19723.7	0
2.418e+06	-2.48959e-11	-19722.3	0
2.419e+06	-4.76099e-11	-19720.2	0
2.42e+06	9.39807e-11	-19717.5	0
2.421e+06	-1.5361e-11	-19714.5	0
2.422e+06	7.097e-12	-19711.4	0
2.423e+06	3.472e-11	-19708.7	0
2.424e+06	-1.04818e-10	-19706.5	0
2.425e+06	-1.40446e-11	-19705.1	0
2.426e+06	2.66911e-11	-19704.6	0
2.427e+06	-4.08681e-11	-19705.1	0
2.428e+06	4.32391e-11	-19706.4	0
2.429e+06	-2.26547e-11	-19708.5	0
2.43e+06	-1.00654e-10	-19711.2	0
2.431e+06	1.2632e-12	-19714.1	0
2.432e+06	-4.24761e-11	-19717	0
2.433e+06	-1.51241e-11	-19719.7	0
2.434e+06	5.16253e-11	-19721.7	0
2.435e+06	-4.10909e-11	-19723	0
2.436e+06	-7.72333e-11	-19723.5	0
2.437e+06	-1.92259e-11	-19723	0
2.438e+06	-7.40151e-11	-19721.6	0
2.439e+06	-1.38351e-11	-19719.6	0
2.44e+06	-1.71603e-11	-19717	0
2.441e+06	-8.32413e-11	-19714.1	0
2.442e+06	-6.93977e-11	-19711.3	0
2.443e+06	-9.4343e-11	-19708.8	0
2.444e+06	-9.62893e-11	-19706.8	0
2.445e+06	-3.16251e-11	-19705.6	0
2.446e+06	-3.8293e-11	-19705.2	0
2.447e+06	-5.46926e-11	-19705.7	0
2.448e+06	-7.15303e-11	-19707.1	0
2.449e+06	-7.59512e-11	-19709.1	0
2.45e+06	-4.74746e-11	-19711.6	0
2.451e+06	2.52243e-12	-19714.4	0
2.452e+06	-1.57431e-13	-19717.1	0
2.453e+06	-2.81429e-11	-19719.6	0
2.454e+06	-4.96691e-11	-19721.4	0
2.455e+06	-5.72723e-11	-19722.6	0
2.456e+06	-4.42761e-11	-19722.9	0
2.457e+06	-8.79519e-12	-19722.4	0
2.458e+06	2.26288e-11	-19721	0
2.459e+06	-2.18296e-11	-19719	0
2.46e+06	-1.85983e-11	-19716.5	0
2.461e+06	-5.4491e-11	-19713.8	0
2.462e+06	-3.29702e-11	-19711.2	0
2.463e+06	1.12116e-11	-19708.9	0
2.464e+06	2.85247e-11	-19707.1	0
2.465e+06	-1.8663e-12	-19706	0
2.466e+06	-2.64494e-11	-19705.7	0
2.467e+06	-5.8529e-11	-19706.3	0
2.468e+06	-5.1934e-11	-19707.7	0
2.469e+06	-1.99744e-11	-19709.7	0
2.47e+06	2.2424e-12	-19712.1	0
2.471e+06	-1.1025e-11	-19714.7	0
2.472e+06	-3.19839e-11	-19717.2	0
2.473e+06	-6.42905e-11	-19719.5	0
2.474e+06	-4.98721e-11	-19721.2	0
2.475e+06	-1.70179e-11	-19722.2	0
2.476e+06	-1.57148e-11	-19722.4	0
2.477e+06	2.30524e-12	-19721.8	0
2.478e+06	-5.15403e-11	-19720.4	0
2.479e+06	-7.51765e-11	-19718.5	0
2.48e+06	-6.22413e-11	-19716.1	0
2.481e+06	-5.69491e-11	-19713.6	0
2.482e+06	-5.37302e-12	-19711.1	0
2.483e+06	2.92759e-12	-19709	0
2.484e+06	-4.83646e-11	-19707.4	0
2.485e+06	-4.31093e-11	-19706.4	0
2.486e+06	-5.58606e-11	-19706.3	0
2.487e+06	-5.47061e-11	-19706.9	0
2.488e+06	2.96018e-11	-19708.2	0
2.489e+06	2.22389e-12	-19710.2	0
2.49e+06	-1.76384e-11	-19712.5	0
2.491e+06	1.16264e-11	-19714.9	0
2.492e+06	-5.16179e-11	-19717.3	0
2.493e+06	-7.42865e-12	-19719.3	0
2.494e+06	1.09947e-11	-19720.9	0
2.495e+06	-3.33109e-11	-19721.7	0
2.496e+06	9.98709e-12	-19721.8	0
2.497e+06	-2.29132e-11	-19721.2	0
2.498e+06	-6.21336e-11	-19719.9	0
2.499e+06	1.70253e-11	-19718	0
2.5e+06	-9.17192e-12	-19715.7	0
2.501e+06	-6.6051e-12	-19713.3	0
2.502e+06	3.34601e-11	-19711.1	0
2.503e+06	-2.75514e-11	-19709.1	0
2.504e+06	-1.82328e-11	-19707.6	0
2.505e+06	2.46673e-11	-19706.9	0
2.506e+06	-6.09715e-12	-19706.8	0
2.507e+06	4.98627e-11	-19707.5	0
2.508e+06	3.8633e-11	-19708.8	0
2.509e+06	-1.5866e-12	-19710.6	0
2.51e+06	1.56761e-11	-19712.8	0
2.511e+06	-1.13793e-11	-19715.1	0
2.512e+06	3.15705e-12	-19717.3	0
2.513e+06	4.42396e-11	-19719.2	0
2.514e+06	1.14796e-11	-19720.6	0
2.515e+06	-6.14184e-12	-19721.3	0
2.516e+06	1.12639e-11	-19721.4	0
2.517e+06	-2.61162e-11	-19720.7	0
2.518e+06	-2.14451e-11	-19719.4	0
2.519e+06	4.86724e-11	-19717.5	0
2.52e+06	6.6445e-12	-19715.4	0
2.521e+06	-3.90054e-12	-19713.2	0
2.522e+06	1.49089e-11	-19711	0
2.523e+06	-4.45935e-11	-19709.2	0
2.524e+06	1.78198e-12	-19707.9	0
2.525e+06	2.83958e-11	-19707.3	0
2.526e+06	-1.94635e-12	-19707.3	0
2.527e+06	4.91781e-11	-19708	0
2.528e+06	1.18987e-11	-19709.3	0
2.529e+06	-1.24399e-11	-19711.1	0
2.53e+06	3.43058e-11	-19713.1	0
2.531e+06	2.30768e-11	-19715.3	0
2.532e+06	3.68267e-11	-19717.4	0
2.533e+06	8.39248e-11	-19719.1	0
2.534e+06	-3.35822e-12	-19720.3	0
2.535e+06	3.40338e-11	-19720.9	0
2.536e+06	3.68963e-11	-19720.9	0
2.537e+06	6.93227e-12	-19720.2	0
2.538e+06	9.20516e-11	-19718.9	0
2.539e+06	4.74051e-11	-19717.1	0
2.54e+06	1.90495e-11	-19715.1	0
2.541e+06	6.96554e-11	-19713	0
2.542e+06	9.57494e-12	-19711	0
2.543e+06	2.40012e-11	-19709.4	0
2.544e+06	8.94819e-11	-19708.2	0
2.545e+06	6.81075e-12	-19707.6	0
2.546e+06	3.32599e-11	-19707.7	0
2.547e+06	3.99697e-11	-19708.5	0
2.548e+06	-2.59278e-11	-19709.7	0
2.549e+06	3.38711e-11	-19711.5	0
2.55e+06	4.16067e-11	-19713.4	0
2.551e+06	2.46585e-11	-19715.5	0
2.552e+06	5.72862e-11	-19717.4	0
2.553e+06	1.31224e-11	-19718.9	0
2.554e+06	-4.21127e-12	-19720	0
2.555e+06	3.00128e-11	-19720.5	0
2.556e+06	-1.83985e-12	-19720.4	0
2.557e+06	4.13066e-11	-19719.7	0
2.558e+06	1.77201e-11	-19718.4	0
2.559e+06	-8.12416e-13	-19716.7	0
2.56e+06	1.27885e-11	-19714.8	0
2.561e+06	-7.62412e-12	-19712.9	0
2.562e+06	1.16847e-11	-19711	0
2.563e+06	4.55354e-11	-19709.5	0
2.564e+06	-5.44669e-12	-19708.5	0
2.565e+06	-7.75323e-13	-19708	0
2.566e+06	3.69045e-12	-19708.2	0
2.567e+06	-4.75071e-11	-19708.9	0
2.568e+06	3.56982e-11	-19710.2	0
2.569e+06	3.52844e-12	-19711.8	0
2.57e+06	-9.33586e-12	-19713.7	0
2.571e+06	3.06594e-11	-19715.6	0
2.572e+06	-3.83418e-11	-19717.4	0
2.573e+06	-1.83179e-11	-19718.8	0
2.574e+06	3.29871e-11	-19719.8	0
2.575e+06	-4.14805e-11	-19720.2	0
2.576e+06	2.45727e-11	-19720	0
2.577e+06	1.52313e-11	-19719.3	0
2.578e+06	-5.69328e-11	-19718	0
2.579e+06	5.48087e-12	-19716.4	0
2.58e+06	1.24458e-11	-19714.6	0
2.581e+06	-9.25153e-12	-19712.7	0
2.582e+06	4.86771e-11	-19711	0
2.583e+06	-1.18127e-12	-19709.7	0
2.584e+06	-2.55506e-11	-19708.8	0
2.585e+06	2.4331e-11	-19708.4	0
2.586e+06	-2.38586e-11	-19708.6	0
2.587e+06	1.87342e-11	-19709.3	0
2.588e+06	4.88471e-11	-19710.6	0
2.589e+06	-1.42011e-11	-19712.1	0
2.59e+06	5.14487e-13	-19713.9	0
2.591e+06	1.46434e-11	-19715.7	0
2.592e+06	-3.41461e-11	-19717.3	0
2.593e+06	2.69601e-11	-19718.6	0
2.594e+06	3.98325e-11	-19719.5	0
2.595e+06	4.73491e-12	-19719.8	0
2.596e+06	2.1148e-11	-19719.6	0
2.597e+06	-1.83536e-11	-19718.8	0
2.598e+06	-3.74017e-11	-19717.6	0
2.599e+06	1.40947e-11	-19716.1	0
2.6e+06	1.75312e-11	-19714.4	0
2.601e+06	1.67594e-11	-19712.6	0
2.602e+06	1.37677e-11	-19711.1	0
2.603e+06	-1.74644e-11	-19709.8	0
2.604e+06	-1.71981e-11	-19709	0
2.605e+06	2.46574e-11	-19708.7	0
2.606e+06	2.30638e-11	-19709	0
2.607e+06	5.82213e-11	-19709.7	0
2.608e+06	2.86887e-11	-19710.9	0
2.609e+06	1.793e-12	-19712.4	0
2.61e+06	1.77114e-11	-19714.1	0
2.611e+06	1.09504e-11	-19715.8	0
2.612e+06	2.0152e-11	-19717.3	0
2.613e+06	4.68212e-11	-19718.5	0
2.614e+06	2.26862e-13	-19719.2	0
2.615e+06	-1.64735e-12	-19719.5	0
2.616e+06	1.11512e-11	-19719.2	0
2.617e+06	-2.88267e-11	-19718.5	0
2.618e+06	1.83567e-11	-19717.3	0
2.619e+06	4.76788e-11	-19715.8	0
2.62e+06	-7.34591e-12	-19714.2	0
2.621e+06	2.8916e-11	-19712.6	0
2.622e+06	-5.32706e-12	-19711.1	0
2.623e+06	-3.39662e-11	-19710	0
2.624e+06	5.04796e-11	-19709.3	0
2.625e+06	2.93386e-11	-19709.1	0
2.626e+06	4.42034e-11	-19709.3	0
2.627e+06	6.90873e-11	-19710.1	0
2.628e+06	6.43816e-12	-19711.3	0
2.629e+06	3.17819e-11	-19712.7	0
2.63e+06	7.18798e-11	-19714.3	0
2.631e+06	4.51405e-11	-19715.9	0
2.632e+06	9.52918e-11	-19717.2	0
2.633e+06	5.52877e-11	-19718.3	0
2.634e+06	2.53957e-11	-19719	0
2.635e+06	7.6628e-11	-19719.2	0
2.636e+06	5.54419e-11	-19718.9	0
2.637e+06	8.88507e-11	-19718.1	0
2.638e+06	1.17551e-10	-19717	0
2.639e+06	2.52571e-11	-19715.5	0
2.64e+06	6.97174e-11	-19714	0
2.641e+06	8.70036e-11	-19712.5	0
2.642e+06	2.93795e-11	-19711.2	0
2.643e+06	1.47295e-10	-19710.1	0
2.644e+06	7.87168e-11	-19709.5	0
2.645e+06	4.97418e-11	-19709.4	0
2.646e+06	9.6629e-11	-19709.7	0
2.647e+06	2.10868e-11	-19710.5	0
2.648e+06	5.27771e-11	-19711.6	0
2.649e+06	1.22916e-10	-19713	0
2.65e+06	4.14576e-11	-19714.5	0
2.651e+06	6.8403e-11	-19715.9	0
2.652e+06	7.01281e-11	-19717.2	0
2.653e+06	-1.76099e-11	-19718.2	0
2.654e+06	6.13322e-11	-19718.7	0
2.655e+06	7.52625e-11	-19718.9	0
2.656e+06	1.15943e-11	-19718.5	0
2.657e+06	7.5986e-11	-19717.8	0
2.658e+06	-3.81835e-12	-19716.6	0
2.659e+06	-2.6607e-11	-19715.3	0
2.66e+06	6.73321e-11	-19713.9	0
2.661e+06	-1.16816e-13	-19712.5	0
2.662e+06	4.13385e-11	-19711.2	0
2.663e+06	6.5946e-11	-19710.3	0
2.664e+06	-3.51145e-11	-19709.8	0
2.665e+06	1.61701e-11	-19709.7	0
2.666e+06	1.41391e-11	-19710	0
2.667e+06	1.40528e-11	-19710.8	0
2.668e+06	7.03254e-11	-19711.9	0
2.669e+06	3.73192e-12	-19713.2	0
2.67e+06	-4.69409e-12	-19714.6	0
2.671e+06	1.42113e-11	-19715.9	0
2.672e+06	-7.22897e-12	-19717.1	0
2.673e+06	1.86393e-11	-19718	0
2.674e+06	4.0697e-11	-19718.5	0
2.675e+06	-2.84461e-12	-19718.6	0
2.676e+06	-1.19425e-11	-19718.2	0
2.677e+06	-1.81811e-11	-19717.4	0
2.678e+06	-1.72848e-11	-19716.4	0
2.679e+06	4.44928e-11	-19715.1	0
2.68e+06	2.01399e-11	-19713.7	0
2.681e+06	1.74847e-11	-19712.4	0
2.682e+06	3.87622e-11	-19711.3	0
2.683e+06	-6.88824e-11	-19710.5	0
2.684e+06	1.55774e-11	-19710	0
2.685e+06	3.27458e-11	-19710	0
2.686e+06	-1.62914e-11	-19710.3	0
2.687e+06	5.2946e-11	-19711.1	0
2.688e+06	1.80153e-13	-19712.1	0
2.689e+06	-5.62249e-11	-19713.4	0
2.69e+06	2.75798e-11	-19714.7	0
2.691e+06	-2.20142e-11	-19716	0
2.692e+06	1.54239e-12	-19717	0
2.693e+06	6.84252e-11	-19717.8	0
2.694e+06	-3.9596e-11	-19718.3	0
2.695e+06	-3.11739e-11	-19718.3	0
2.696e+06	1.83747e-11	-19717.9	0
2.697e+06	-4.51079e-11	-19717.2	0
2.698e+06	3.88967e-11	-19716.1	0
2.699e+06	3.13557e-11	-19714.9	0
2.7e+06	-5.59884e-11	-19713.6	0
2.701e+06	1.13039e-11	-19712.4	0
2.702e+06	-2.76526e-11	-19711.4	0
2.703e+06	-3.02812e-11	-19710.6	0
2.704e+06	6.47107e-11	-19710.2	0
2.705e+06	3.66598e-12	-19710.2	0
2.706e+06	-8.06786e-12	-19710.6	0
2.707e+06	2.67955e-11	-19711.4	0
2.708e+06	-3.43458e-11	-19712.4	0
2.709e+06	7.15688e-12	-19713.6	0
2.71e+06	6.32671e-11	-19714.8	0
2.711e+06	-1.7146e-12	-19716	0
2.712e+06	1.42276e-11	-19717	0
2.713e+06	-1.00912e-11	-19717.7	0
2.714e+06	-6.11e-11	-19718	0
2.715e+06	7.52353e-12	-19718	0
2.716e+06	2.68013e-11	-19717.6	0
2.717e+06	-1.02862e-11	-19716.9	0
2.718e+06	3.58635e-11	-19715.9	0
2.719e+06	-2.05712e-11	-19714.7	0
2.72e+06	-5.10949e-11	-19713.5	0
2.721e+06	-4.64931e-12	-19712.4	0
2.722e+06	-5.8185e-12	-19711.4	0
2.723e+06	9.004e-12	-19710.8	0
2.724e+06	3.1429e-11	-19710.5	0
2.725e+06	-2.51107e-11	-19710.5	0
2.726e+06	-4.17585e-11	-19710.9	0
2.727e+06	-1.64884e-11	-19711.6	0
2.728e+06	-2.36426e-11	-19712.6	0
2.729e+06	1.41495e-11	-19713.7	0
2.73e+06	3.08909e-11	-19714.9	0
2.731e+06	-1.94731e-11	-19716	0
2.732e+06	-2.44109e-11	-19716.9	0
2.733e+06	7.53731e-13	-19717.5	0
2.734e+06	9.38278e-12	-19717.8	0
2.735e+06	3.72232e-11	-19717.8	0
2.736e+06	1.46068e-11	-19717.3	0
2.737e+06	-2.26968e-11	-19716.6	0
2.738e+06	7.175e-12	-19715.7	0
2.739e+06	-4.63665e-11	-19714.6	0
2.74e+06	4.56985e-12	-19713.4	0
2.741e+06	5.42149e-11	-19712.4	0
2.742e+06	8.5623e-12	-19711.5	0
2.743e+06	8.82401e-12	-19710.9	0
2.744e+06	-9.46973e-12	-19710.7	0
2.745e+06	-7.08252e-11	-19710.7	0
2.746e+06	3.7022e-11	-19711.2	0
2.747e+06	4.46767e-11	-19711.9	0
2.748e+06	-3.43747e-12	-19712.8	0
2.749e+06	4.36654e-11	-19713.9	0
2.75e+06	-3.24468e-11	-19715	0
2.751e+06	-3.82269e-11	-19716	0
2.752e+06	2.0642e-11	-19716.8	0
2.753e+06	2.35107e-11	-19717.4	0
2.754e+06	4.80835e-11	-19717.6	0
2.755e+06	2.96618e-11	-19717.5	0
2.756e+06	-3.70108e-11	-19717.1	0
2.757e+06	-3.01914e-11	-19716.4	0
2.758e+06	2.52472e-11	-19715.5	0
2.759e+06	2.19599e-11	-19714.4	0
2.76e+06	5.35528e-11	-19713.4	0
2.761e+06	2.89089e-11	-19712.4	0
2.762e+06	-3.5185e-11	-19711.6	0
2.763e+06	1.21293e-11	-19711.1	0
2.764e+06	-4.22746e-13	-19710.9	0
2.765e+06	1.53134e-11	-19711	0
2.766e+06	7.42906e-11	-19711.4	0
2.767e+06	7.99817e-12	-19712.1	0
2.768e+06	-1.1057e-11	-19713	0
2.769e+06	1.97377e-11	-19714	0
2.77e+06	-3.34208e-12	-19715	0
2.771e+06	3.12872e-11	-19716	0
2.772e+06	8.8672e-11	-19716.7	0
2.773e+06	2.58212e-11	-19717.2	0
2.774e+06	2.55754e-11	-19717.4	0
2.775e+06	2.32924e-11	-19717.3	0
2.776e+06	-2.10108e-11	-19716.9	0
2.777e+06	5.29938e-11	-19716.2	0
2.778e+06	8.63224e-11	-19715.3	0
2.779e+06	3.1509e-11	-19714.3	0
2.78e+06	5.96016e-11	-19713.3	0
2.781e+06	2.39485e-11	-19712.4	0
2.782e+06	6.00254e-13	-19711.7	0
2.783e+06	8.08386e-11	-19711.2	0
2.784e+06	6.47966e-11	-19711.1	0
2.785e+06	5.9154e-11	-19711.2	0
2.786e+06	6.61752e-11	-19711.6	0
2.787e+06	5.08498e-12	-19712.3	0
2.788e+06	2.75778e-11	-19713.2	0
2.789e+06	7.72809e-11	-19714.1	0
2.79e+06	5.36432e-11	-19715.1	0
2.791e+06	1.09498e-10	-19715.9	0
2.792e+06	8.02067e-11	-19716.6	0
2.793e+06	4.55627e-11	-19717.1	0
2.794e+06	7.31157e-11	-19717.2	0
2.795e+06	6.62892e-11	-19717.1	0
2.796e+06	8.12254e-11	-19716.6	0
2.797e+06	1.30048e-10	-19716	0
2.798e+06	8.78462e-11	-19715.1	0
2.799e+06	6.06914e-11	-19714.2	0
2.8e+06	6.02074e-11	-19713.3	0
2.801e+06	6.35042e-11	-19712.4	0
2.802e+06	9.74478e-11	-19711.8	0
2.803e+06	1.08016e-10	-19711.4	0
2.804e+06	1.22141e-10	-19711.3	0
2.805e+06	6.2948e-11	-19711.4	0
2.806e+06	5.34034e-11	-19711.9	0
2.807e+06	9.19e-11	-19712.5	0
2.808e+06	7.99179e-11	-19713.3	0
2.809e+06	1.01391e-10	-19714.2	0
2.81e+06	1.07293e-10	-19715.1	0
2.811e+06	5.76728e-11	-19715.9	0
2.812e+06	5.89618e-11	-19716.5	0
2.813e+06	7.40181e-11	-19716.9	0
2.814e+06	8.01423e-11	-19717	0
2.815e+06	1.33329e-10	-19716.9	0
2.816e+06	8.59539e-11	-19716.4	0
2.817e+06	5.27654e-11	-19715.8	0
2.818e+06	8.86233e-11	-19715	0
2.819e+06	2.70455e-11	-19714.1	0
2.82e+06	8.59979e-11	-19713.2	0
2.821e+06	1.48203e-10	-19712.5	0
2.822e+06	4.18916e-11	-19711.9	0
2.823e+06	9.7974e-11	-19711.5	0
2.824e+06	5.71502e-11	-19711.4	0
2.825e+06	-1.14451e-11	-19711.6	0
2.826e+06	9.78878e-11	-19712.1	0
2.827e+06	7.74742e-11	-19712.7	0
2.828e+06	6.3419e-11	-19713.5	0
2.829e+06	1.12172e-10	-19714.3	0
2.83e+06	3.42175e-11	-19715.2	0
2.831e+06	4.98796e-11	-19715.9	0
2.832e+06	1.15253e-10	-19716.4	0
2.833e+06	7.54242e-11	-19716.8	0
2.834e+06	9.50531e-11	-19716.9	0
2.835e+06	1.06257e-10	-19716.7	0
2.836e+06	1.6296e-11	-19716.2	0
2.837e+06	7.60582e-11	-19715.6	0
2.838e+06	7.72578e-11	-19714.8	0
2.839e+06	7.454e-11	-19714	0
2.84e+06	1.19922e-10	-19713.2	0
2.841e+06	5.09924e-11	-19712.5	0
2.842e+06	2.32815e-11	-19712	0
2.843e+06	5.91175e-11	-19711.7	0
2.844e+06	3.88094e-11	-19711.6	0
2.845e+06	6.26209e-11	-19711.8	0
2.846e+06	9.46497e-11	-19712.2	0
2.847e+06	4.5974e-11	-19712.9	0
2.848e+06	5.20383e-11	-19713.6	0
2.849e+06	5.30583e-11	-19714.4	0
2.85e+06	3.13765e-11	-19715.2	0
2.851e+06	8.25899e-11	-19715.9	0
2.852e+06	8.88396e-11	-19716.4	0
2.853e+06	4.83106e-11	-19716.6	0
2.854e+06	5.91336e-11	-19716.7	0
2.855e+06	4.40651e-11	-19716.5	0
2.856e+06	2.81952e-11	-19716.1	0
2.857e+06	8.5882e-11	-19715.4	0
2.858e+06	7.70942e-11	-19714.7	0
2.859e+06	7.14022e-11	-19713.9	0
2.86e+06	6.76186e-11	-19713.2	0
2.861e+06	2.51802e-11	-19712.5	0
2.862e+06	6.29978e-11	-19712.1	0
2.863e+06	6.38617e-11	-19711.8	0
2.864e+06	8.06272e-11	-19711.8	0
2.865e+06	8.72869e-11	-19712	0
2.866e+06	5.97137e-11	-19712.4	0
2.867e+06	4.15329e-11	-19713	0
2.868e+06	5.72214e-11	-19713.7	0
2.869e+06	5.3721e-11	-19714.5	0
2.87e+06	8.90477e-11	-19715.2	0
2.871e+06	8.22278e-11	-19715.8	0
2.872e+06	4.7005e-11	-19716.3	0
2.873e+06	8.16138e-11	-19716.5	0
2.874e+06	4.73962e-11	-19716.5	0
2.875e+06	4.58298e-11	-19716.3	0
2.876e+06	1.09766e-10	-19715.9	0
2.877e+06	6.75277e-11	-19715.3	0
2.878e+06	9.68286e-11	-19714.6	0
2.879e+06	9.7284e-11	-19713.9	0
2.88e+06	2.88413e-11	-19713.2	0
2.881e+06	9.77306e-11	-19712.6	0
2.882e+06	9.79627e-11	-19712.2	0
2.883e+06	4.29444e-11	-19711.9	0
2.884e+06	1.33711e-10	-19711.9	0
2.885e+06	4.25209e-11	-19712.2	0
2.886e+06	3.93228e-11	-19712.6	0
2.887e+06	1.31178e-10	-19713.2	0
2.888e+06	4.35152e-11	-19713.8	0
2.889e+06	8.51747e-11	-19714.5	0
2.89e+06	1.30034e-10	-19715.2	0
2.891e+06	2.23664e-11	-19715.8	0
2.892e+06	9.21922e-11	-19716.2	0
2.893e+06	8.33678e-11	-19716.4	0
2.894e+06	1.13355e-11	-19716.4	0
2.895e+06	1.40321e-10	-19716.1	0
2.896e+06	8.70157e-11	-19715.7	0
2.897e+06	3.38402e-11	-19715.2	0
2.898e+06	1.42023e-10	-19714.5	0
2.899e+06	4.21046e-11	-19713.8	0
2.9e+06	6.06984e-11	-19713.2	0
2.901e+06	1.45428e-10	-19712.6	0
2.902e+06	3.25412e-11	-19712.2	0
2.903e+06	7.66331e-11	-19712.1	0
2.904e+06	1.42449e-10	-19712.1	0
2.905e+06	8.7652e-12	-19712.3	0
2.906e+06	1.06055e-10	-19712.7	0
2.907e+06	1.25493e-10	-19713.3	0
2.908e+06	1.98413e-11	-19713.9	0
2.909e+06	1.40157e-10	-19714.6	0
2.91e+06	4.87687e-11	-19715.2	0
2.911e+06	2.53444e-11	-19715.7	0
2.912e+06	1.49798e-10	-19716.1	0
2.913e+06	3.10391e-11	-19716.3	0
2.914e+06	1.09431e-10	-19716.2	0
2.915e+06	1.26181e-10	-19716	0
2.916e+06	-2.65663e-11	-19715.6	0
2.917e+06	1.28909e-10	-19715	0
2.918e+06	1.12498e-10	-19714.4	0
2.919e+06	-1.31553e-11	-19713.8	0
2.92e+06	1.89056e-10	-19713.2	0
2.921e+06	4.58703e-11	-19712.7	0
2.922e+06	-8.70744e-12	-19712.3	0
2.923e+06	1.36267e-10	-19712.2	0
2.924e+06	5.4803e-12	-19712.2	0
2.925e+06	5.83626e-11	-19712.5	0
2.926e+06	1.67397e-10	-19712.9	0
2.927e+06	-1.40389e-11	-19713.4	0
2.928e+06	5.82549e-11	-19714	0
2.929e+06	1.30632e-10	-19714.6	0
2.93e+06	-2.10566e-11	-19715.2	0
2.931e+06	1.19785e-10	-19715.7	0
2.932e+06	1.41378e-10	-19716	0
2.933e+06	7.99309e-12	-19716.1	0
2.934e+06	1.31657e-10	-19716.1	0
2.935e+06	5.67354e-11	-19715.9	0
2.936e+06	-1.73743e-11	-19715.5	0
2.937e+06	1.73805e-10	-19714.9	0
2.938e+06	4.09267e-11	-19714.3	0
2.939e+06	4.52984e-11	-19713.7	0
2.94e+06	1.39059e-10	-19713.2	0
2.941e+06	-3.35577e-11	-19712.7	0
2.942e+06	3.52191e-11	-19712.4	0
2.943e+06	1.33699e-10	-19712.3	0
2.944e+06	1.73688e-11	-19712.4	0
2.945e+06	1.48683e-10	-19712.6	0
2.946e+06	1.12977e-10	-19713	0
2.947e+06	-1.72418e-11	-19713.5	0
2.948e+06	1.35396e-10	-19714.1	0
2.949e+06	9.15072e-11	-19714.7	0
2.95e+06	2.5883e-11	-19715.2	0
2.951e+06	2.04446e-10	-19715.6	0
2.952e+06	2.80627e-11	-19715.9	0
2.953e+06	3.21621e-11	-19716	0
2.954e+06	1.30334e-10	-19716	0
2.955e+06	-5.56237e-12	-19715.7	0
2.956e+06	1.30021e-10	-19715.3	0
2.957e+06	1.57841e-10	-19714.8	0
2.958e+06	6.60714e-13	-19714.3	0
2.959e+06	1.21643e-10	-19713.7	0
2.96e+06	5.96486e-11	-19713.2	0
2.961e+06	3.00254e-12	-19712.8	0
2.962e+06	1.63923e-10	-19712.5	0
2.963e+06	7.20478e-11	-19712.4	0
2.964e+06	5.59324e-11	-19712.5	0
2.965e+06	1.31113e-10	-19712.7	0
2.966e+06	-1.78261e-11	-19713.1	0
2.967e+06	3.54076e-11	-19713.6	0
2.968e+06	1.26452e-10	-19714.2	0
2.969e+06	-6.4416e-13	-19714.7	0
2.97e+06	1.1042e-10	-19715.2	0
2.971e+06	7.57508e-11	-19715.6	0
2.972e+06	-5.2391e-11	-19715.8	0
2.973e+06	9.19107e-11	-19715.9	0
2.974e+06	2.90754e-11	-19715.8	0
2.975e+06	5.37302e-11	-19715.6	0
2.976e+06	1.34149e-10	-19715.2	0
2.977e+06	2.70956e-11	-19714.7	0
2.978e+06	5.40906e-11	-19714.2	0
2.979e+06	4.48198e-11	-19713.7	0
2.98e+06	4.82879e-12	-19713.2	0
2.981e+06	9.55622e-11	-19712.8	0
2.982e+06	9.92257e-11	-19712.6	0
2.983e+06	3.60436e-11	-19712.5	0
2.984e+06	8.96823e-11	-19712.6	0
2.985e+06	4.79109e-11	-19712.9	0
2.986e+06	4.33986e-11	-19713.2	0
2.987e+06	1.3852e-10	-19713.7	0
2.988e+06	9.94916e-11	-19714.2	0
2.989e+06	8.29574e-11	-19714.7	0
2.99e+06	1.11208e-10	-19715.2	0
2.991e+06	1.94018e-11	-19715.5	0
2.992e+06	8.75329e-11	-19715.7	0
2.993e+06	1.47345e-10	-19715.8	0
2.994e+06	8.19398e-11	-19715.7	0
2.995e+06	1.57369e-10	-19715.5	0
2.996e+06	9.28113e-11	-19715.1	0
2.997e+06	-1.28917e-11	-19714.6	0
2.998e+06	1.19019e-10	-19714.1	0
2.999e+06	1.13667e-10	-19713.7	0
3e+06	7.61186e-11	-19713.2	0
