0.211325	0.211325	0	
0	0	0	0
1000	6.74632	-49737.8	0
2000	0.417835	-49762.8	0
3000	-0.371751	-49775.8	0
4000	-0.0527087	-49775.3	0
5000	-0.136237	-49762.3	0
6000	0.0771312	-49745.9	0
7000	0.0674618	-49735.5	0
8000	-0.112005	-49737	0
9000	-0.0103543	-49749.5	0
10000	-0.0802819	-49765.4	0
11000	-0.144841	-49775.3	0
12000	-0.194072	-49773.6	0
13000	-0.12178	-49761.3	0
14000	0.00470965	-49746	0
15000	0.0398144	-49736.6	0
16000	0.00360011	-49738.6	0
17000	-0.0606182	-49750.5	0
18000	-0.112207	-49765.3	0
19000	-0.149099	-49774.2	0
20000	-0.153361	-49772.1	0
21000	-0.102239	-49760.4	0
22000	-0.0230596	-49746.1	0
23000	0.0258541	-49737.6	0
24000	0.00940003	-49740	0
25000	-0.053666	-49751.5	0
26000	-0.119237	-49765.3	0
27000	-0.153695	-49773.2	0
28000	-0.142617	-49770.8	0
29000	-0.0907006	-49759.5	0
30000	-0.0245749	-49746.2	0
31000	0.0154039	-49738.7	0
32000	0.00266522	-49741.3	0
33000	-0.0538719	-49752.3	0
34000	-0.117614	-49765.1	0
35000	-0.151216	-49772.2	0
36000	-0.137486	-49769.5	0
37000	-0.0851978	-49758.7	0
38000	-0.0241285	-49746.3	0
39000	0.00969895	-49739.6	0
40000	-0.00430301	-49742.5	0
41000	-0.057039	-49753	0
42000	-0.115991	-49765	0
43000	-0.14663	-49771.3	0
44000	-0.132191	-49768.3	0
45000	-0.0816255	-49758	0
46000	-0.0245483	-49746.5	0
47000	0.00511444	-49740.6	0
48000	-0.010182	-49743.6	0
49000	-0.0603467	-49753.7	0
50000	-0.114825	-49764.8	0
51000	-0.141987	-49770.3	0
52000	-0.12684	-49767.2	0
53000	-0.0785199	-49757.4	0
54000	-0.0254391	-49746.7	0
55000	0.000716027	-49741.5	0
56000	-0.0154353	-49744.7	0
57000	-0.0632588	-49754.3	0
58000	-0.113712	-49764.6	0
59000	-0.137601	-49769.5	0
60000	-0.121772	-49766.2	0
61000	-0.0757	-49756.8	0
62000	-0.0264978	-49746.9	0
63000	-0.00354663	-49742.3	0
64000	-0.0202916	-49745.7	0
65000	-0.0658089	-49754.8	0
66000	-0.112524	-49764.3	0
67000	-0.133437	-49768.6	0
68000	-0.117059	-49765.2	0
69000	-0.0731783	-49756.3	0
70000	-0.0276468	-49747.2	0
71000	-0.00763496	-49743.2	0
72000	-0.0248044	-49746.6	0
73000	-0.0680574	-49755.3	0
74000	-0.111263	-49764.1	0
75000	-0.129467	-49767.8	0
76000	-0.112688	-49764.4	0
77000	-0.070948	-49755.9	0
78000	-0.0288678	-49747.4	0
79000	-0.0115372	-49744	0
80000	-0.0289912	-49747.4	0
81000	-0.0700382	-49755.7	0
82000	-0.109946	-49763.8	0
83000	-0.125681	-49767	0
84000	-0.108636	-49763.5	0
85000	-0.0689874	-49755.5	0
86000	-0.0301481	-49747.7	0
87000	-0.0152548	-49744.7	0
88000	-0.0328689	-49748.2	0
89000	-0.0717746	-49756.1	0
90000	-0.108588	-49763.5	0
91000	-0.122075	-49766.3	0
92000	-0.104884	-49762.8	0
93000	-0.067273	-49755.2	0
94000	-0.0314742	-49748	0
95000	-0.0187915	-49745.4	0
96000	-0.0364554	-49748.9	0
97000	-0.0732876	-49756.4	0
98000	-0.107202	-49763.3	0
99000	-0.118647	-49765.6	0
100000	-0.101413	-49762.1	0
101000	-0.065783	-49754.9	0
102000	-0.0328334	-49748.2	0
103000	-0.0221516	-49746.1	0
104000	-0.0397685	-49749.6	0
105000	-0.0745967	-49756.6	0
106000	-0.105796	-49763	0
107000	-0.115391	-49765	0
108000	-0.0982074	-49761.4	0
109000	-0.0644973	-49754.6	0
110000	-0.0342144	-49748.5	0
111000	-0.0253397	-49746.7	0
112000	-0.042825	-49750.2	0
113000	-0.0757204	-49756.9	0
114000	-0.104381	-49762.7	0
115000	-0.112302	-49764.3	0
116000	-0.0952502	-49760.8	0
117000	-0.0633971	-49754.4	0
118000	-0.0356072	-49748.8	0
119000	-0.0283607	-49747.4	0
120000	-0.0456411	-49750.8	0
121000	-0.0766756	-49757.1	0
122000	-0.102964	-49762.4	0
123000	-0.109376	-49763.7	0
124000	-0.0925262	-49760.3	0
125000	-0.0624651	-49754.2	0
126000	-0.037003	-49749.1	0
127000	-0.0312197	-49747.9	0
128000	-0.0482322	-49751.3	0
129000	-0.0774783	-49757.2	0
130000	-0.101553	-49762.1	0
131000	-0.106608	-49763.2	0
132000	-0.0900206	-49759.8	0
133000	-0.0616852	-49754.1	0
134000	-0.0383941	-49749.4	0
135000	-0.0339221	-49748.5	0
136000	-0.0506128	-49751.8	0
137000	-0.0781429	-49757.4	0
138000	-0.100154	-49761.9	0
139000	-0.103993	-49762.6	0
140000	-0.0877194	-49759.3	0
141000	-0.0610427	-49753.9	0
142000	-0.039774	-49749.7	0
143000	-0.0364733	-49749	0
144000	-0.0527968	-49752.3	0
145000	-0.078683	-49757.5	0
146000	-0.0987728	-49761.6	0
147000	-0.101524	-49762.1	0
148000	-0.0856092	-49758.9	0
149000	-0.0605238	-49753.8	0
150000	-0.0411367	-49749.9	0
151000	-0.038879	-49749.5	0
152000	-0.0547974	-49752.7	0
153000	-0.0791112	-49757.6	0
154000	-0.0974137	-49761.3	0
155000	-0.0991961	-49761.7	0
156000	-0.0836772	-49758.5	0
157000	-0.0601158	-49753.8	0
158000	-0.0424773	-49750.2	0
159000	-0.0411449	-49749.9	0
160000	-0.0566269	-49753	0
161000	-0.0794389	-49757.7	0
162000	-0.0960809	-49761	0
163000	-0.0970042	-49761.2	0
164000	-0.0819115	-49758.2	0
165000	-0.0598072	-49753.7	0
166000	-0.0437916	-49750.5	0
167000	-0.0432765	-49750.4	0
168000	-0.0582973	-49753.4	0
169000	-0.0796769	-49757.7	0
170000	-0.094778	-49760.8	0
171000	-0.0949426	-49760.8	0
172000	-0.0803005	-49757.8	0
173000	-0.0595871	-49753.7	0
174000	-0.0450761	-49750.7	0
175000	-0.0452796	-49750.8	0
176000	-0.0598196	-49753.7	0
177000	-0.0798349	-49757.7	0
178000	-0.0935077	-49760.5	0
179000	-0.0930056	-49760.4	0
180000	-0.0788334	-49757.5	0
181000	-0.0594457	-49753.6	0
182000	-0.0463278	-49751	0
183000	-0.0471599	-49751.1	0
184000	-0.0612042	-49754	0
185000	-0.0799218	-49757.8	0
186000	-0.0922725	-49760.3	0
187000	-0.0911878	-49760.1	0
188000	-0.0775001	-49757.3	0
189000	-0.0593741	-49753.6	0
190000	-0.0475443	-49751.2	0
191000	-0.0489228	-49751.5	0
192000	-0.0624613	-49754.2	0
193000	-0.079946	-49757.8	0
194000	-0.0910743	-49760	0
195000	-0.0894839	-49759.7	0
196000	-0.0762908	-49757	0
197000	-0.0593639	-49753.6	0
198000	-0.0487237	-49751.5	0
199000	-0.050574	-49751.8	0
200000	-0.0636	-49754.5	0
201000	-0.079915	-49757.8	0
202000	-0.0899145	-49759.8	0
203000	-0.0878884	-49759.4	0
204000	-0.0751965	-49756.8	0
205000	-0.0594075	-49753.6	0
206000	-0.0498645	-49751.7	0
207000	-0.0521186	-49752.1	0
208000	-0.0646291	-49754.7	0
209000	-0.0798357	-49757.8	0
210000	-0.0887943	-49759.6	0
211000	-0.0863962	-49759.1	0
212000	-0.0742085	-49756.6	0
213000	-0.0594982	-49753.6	0
214000	-0.0509655	-49751.9	0
215000	-0.0535621	-49752.4	0
216000	-0.065557	-49754.9	0
217000	-0.0797144	-49757.7	0
218000	-0.0877145	-49759.4	0
219000	-0.0850022	-49758.8	0
220000	-0.0733189	-49756.4	0
221000	-0.0596295	-49753.7	0
222000	-0.0520262	-49752.1	0
223000	-0.0549094	-49752.7	0
224000	-0.0663913	-49755	0
225000	-0.0795569	-49757.7	0
226000	-0.0866756	-49759.1	0
227000	-0.0837013	-49758.5	0
228000	-0.0725201	-49756.3	0
229000	-0.0597958	-49753.7	0
230000	-0.0530459	-49752.3	0
231000	-0.0561657	-49753	0
232000	-0.0671394	-49755.2	0
233000	-0.0793684	-49757.7	0
234000	-0.0856778	-49758.9	0
235000	-0.0824888	-49758.3	0
236000	-0.0718049	-49756.1	0
237000	-0.0599919	-49753.7	0
238000	-0.0540246	-49752.5	0
239000	-0.0573357	-49753.2	0
240000	-0.0678081	-49755.3	0
241000	-0.0791537	-49757.6	0
242000	-0.0847211	-49758.7	0
243000	-0.08136	-49758.1	0
244000	-0.0711667	-49756	0
245000	-0.0602131	-49753.8	0
246000	-0.0549622	-49752.7	0
247000	-0.0584241	-49753.4	0
248000	-0.0684037	-49755.4	0
249000	-0.078917	-49757.6	0
250000	-0.0838053	-49758.6	0
251000	-0.0803103	-49757.9	0
252000	-0.0705992	-49755.9	0
253000	-0.0604552	-49753.8	0
254000	-0.0558591	-49752.9	0
255000	-0.0594355	-49753.6	0
256000	-0.0689322	-49755.5	0
257000	-0.0786622	-49757.5	0
258000	-0.0829301	-49758.4	0
259000	-0.0793353	-49757.7	0
260000	-0.0700968	-49755.8	0
261000	-0.0607143	-49753.9	0
262000	-0.0567157	-49753.1	0
263000	-0.0603741	-49753.8	0
264000	-0.0693991	-49755.6	0
265000	-0.0783929	-49757.5	0
266000	-0.0820949	-49758.2	0
267000	-0.0784308	-49757.5	0
268000	-0.0696538	-49755.7	0
269000	-0.060987	-49753.9	0
270000	-0.0575325	-49753.2	0
271000	-0.0612442	-49754	0
272000	-0.0698098	-49755.7	0
273000	-0.0781122	-49757.4	0
274000	-0.0812989	-49758.1	0
275000	-0.0775927	-49757.3	0
276000	-0.0692652	-49755.6	0
277000	-0.0612701	-49754	0
278000	-0.0583103	-49753.4	0
279000	-0.0620497	-49754.2	0
280000	-0.0701689	-49755.8	0
281000	-0.0778229	-49757.4	0
282000	-0.0805415	-49757.9	0
283000	-0.0768172	-49757.1	0
284000	-0.0689264	-49755.6	0
285000	-0.0615611	-49754.1	0
286000	-0.05905	-49753.6	0
287000	-0.0627946	-49754.3	0
288000	-0.0704811	-49755.9	0
289000	-0.0775274	-49757.3	0
290000	-0.0798217	-49757.8	0
291000	-0.0761005	-49757	0
292000	-0.0686329	-49755.5	0
293000	-0.0618574	-49754.1	0
294000	-0.0597524	-49753.7	0
295000	-0.0634824	-49754.4	0
296000	-0.0707505	-49755.9	0
297000	-0.0772282	-49757.2	0
298000	-0.0791386	-49757.6	0
299000	-0.075439	-49756.9	0
300000	-0.0683805	-49755.4	0
301000	-0.0621568	-49754.2	0
302000	-0.0604186	-49753.8	0
303000	-0.0641168	-49754.6	0
304000	-0.070981	-49756	0
305000	-0.0769271	-49757.2	0
306000	-0.0784911	-49757.5	0
307000	-0.0748293	-49756.7	0
308000	-0.0681657	-49755.4	0
309000	-0.0624574	-49754.2	0
310000	-0.0610496	-49754	0
311000	-0.0647011	-49754.7	0
312000	-0.0711762	-49756	0
313000	-0.0766259	-49757.1	0
314000	-0.0778781	-49757.4	0
315000	-0.0742681	-49756.6	0
316000	-0.0679847	-49755.4	0
317000	-0.0627575	-49754.3	0
318000	-0.0616466	-49754.1	0
319000	-0.0652385	-49754.8	0
320000	-0.0713395	-49756	0
321000	-0.0763262	-49757	0
322000	-0.0772985	-49757.2	0
323000	-0.0737524	-49756.5	0
324000	-0.0678344	-49755.3	0
325000	-0.0630557	-49754.4	0
326000	-0.0622106	-49754.2	0
327000	-0.065732	-49754.9	0
328000	-0.0714739	-49756.1	0
329000	-0.0760292	-49757	0
330000	-0.0767511	-49757.1	0
331000	-0.073279	-49756.4	0
332000	-0.0677117	-49755.3	0
333000	-0.0633506	-49754.4	0
334000	-0.0627429	-49754.3	0
335000	-0.0661845	-49755	0
336000	-0.0715824	-49756.1	0
337000	-0.0757362	-49756.9	0
338000	-0.0762349	-49757	0
339000	-0.0728453	-49756.3	0
340000	-0.0676139	-49755.3	0
341000	-0.0636412	-49754.5	0
342000	-0.0632447	-49754.4	0
343000	-0.0665988	-49755.1	0
344000	-0.0716675	-49756.1	0
345000	-0.0754481	-49756.9	0
346000	-0.0757484	-49756.9	0
347000	-0.0724486	-49756.3	0
348000	-0.0675384	-49755.3	0
349000	-0.0639265	-49754.5	0
350000	-0.0637172	-49754.5	0
351000	-0.0669775	-49755.2	0
352000	-0.0717318	-49756.1	0
353000	-0.0751658	-49756.8	0
354000	-0.0752907	-49756.8	0
355000	-0.0720863	-49756.2	0
356000	-0.0674828	-49755.3	0
357000	-0.0642057	-49754.6	0
358000	-0.0641616	-49754.6	0
359000	-0.067323	-49755.2	0
360000	-0.0717774	-49756.1	0
361000	-0.0748901	-49756.8	0
362000	-0.0748604	-49756.8	0
363000	-0.0717561	-49756.1	0
364000	-0.067445	-49755.3	0
365000	-0.0644781	-49754.7	0
366000	-0.064579	-49754.7	0
367000	-0.0676376	-49755.3	0
368000	-0.0718064	-49756.1	0
369000	-0.0746215	-49756.7	0
370000	-0.0744564	-49756.7	0
371000	-0.0714556	-49756.1	0
372000	-0.067423	-49755.2	0
373000	-0.0647432	-49754.7	0
374000	-0.0649707	-49754.8	0
375000	-0.0679236	-49755.4	0
376000	-0.0718208	-49756.1	0
377000	-0.0743605	-49756.7	0
378000	-0.0740775	-49756.6	0
379000	-0.0711828	-49756	0
380000	-0.0674148	-49755.2	0
381000	-0.0650005	-49754.8	0
382000	-0.0653379	-49754.8	0
383000	-0.068183	-49755.4	0
384000	-0.0718221	-49756.1	0
385000	-0.0741075	-49756.6	0
386000	-0.0737225	-49756.5	0
387000	-0.0709356	-49756	0
388000	-0.067419	-49755.2	0
389000	-0.0652496	-49754.8	0
390000	-0.0656816	-49754.9	0
391000	-0.0684178	-49755.5	0
392000	-0.0718121	-49756.1	0
393000	-0.0738627	-49756.6	0
394000	-0.0733904	-49756.5	0
395000	-0.0707122	-49755.9	0
396000	-0.0674338	-49755.3	0
397000	-0.0654904	-49754.9	0
398000	-0.0660031	-49755	0
399000	-0.0686298	-49755.5	0
400000	-0.0717922	-49756.1	0
401000	-0.0736266	-49756.5	0
402000	-0.0730799	-49756.4	0
403000	-0.0705107	-49755.9	0
404000	-0.067458	-49755.3	0
405000	-0.0657226	-49754.9	0
406000	-0.0663034	-49755	0
407000	-0.0688208	-49755.5	0
408000	-0.0717637	-49756.1	0
409000	-0.0733991	-49756.5	0
410000	-0.07279	-49756.3	0
411000	-0.0703295	-49755.8	0
412000	-0.0674902	-49755.3	0
413000	-0.065946	-49755	0
414000	-0.0665836	-49755.1	0
415000	-0.0689923	-49755.6	0
416000	-0.0717278	-49756.1	0
417000	-0.0731803	-49756.4	0
418000	-0.0725197	-49756.3	0
419000	-0.070167	-49755.8	0
420000	-0.0675294	-49755.3	0
421000	-0.0661606	-49755	0
422000	-0.0668448	-49755.1	0
423000	-0.0691459	-49755.6	0
424000	-0.0716855	-49756.1	0
425000	-0.0729704	-49756.4	0
426000	-0.0722679	-49756.2	0
427000	-0.0700218	-49755.8	0
428000	-0.0675744	-49755.3	0
429000	-0.0663665	-49755	0
430000	-0.067088	-49755.2	0
431000	-0.069283	-49755.6	0
432000	-0.071638	-49756.1	0
433000	-0.0727692	-49756.3	0
434000	-0.0720336	-49756.2	0
435000	-0.0698923	-49755.8	0
436000	-0.0676242	-49755.3	0
437000	-0.0665636	-49755.1	0
438000	-0.0673141	-49755.2	0
439000	-0.0694049	-49755.7	0
440000	-0.0715861	-49756.1	0
441000	-0.0725768	-49756.3	0
442000	-0.0718159	-49756.1	0
443000	-0.0697775	-49755.7	0
444000	-0.0676782	-49755.3	0
445000	-0.066752	-49755.1	0
446000	-0.0675241	-49755.3	0
447000	-0.0695129	-49755.7	0
448000	-0.0715305	-49756.1	0
449000	-0.072393	-49756.3	0
450000	-0.0716138	-49756.1	0
451000	-0.069676	-49755.7	0
452000	-0.0677353	-49755.3	0
453000	-0.0669318	-49755.2	0
454000	-0.067719	-49755.3	0
455000	-0.0696082	-49755.7	0
456000	-0.0714721	-49756.1	0
457000	-0.0722178	-49756.2	0
458000	-0.0714264	-49756.1	0
459000	-0.0695867	-49755.7	0
460000	-0.0677951	-49755.3	0
461000	-0.0671032	-49755.2	0
462000	-0.0678995	-49755.3	0
463000	-0.0696918	-49755.7	0
464000	-0.0714114	-49756.1	0
465000	-0.0720509	-49756.2	0
466000	-0.0712529	-49756	0
467000	-0.0695086	-49755.7	0
468000	-0.0678568	-49755.3	0
469000	-0.0672663	-49755.2	0
470000	-0.0680666	-49755.4	0
471000	-0.0697648	-49755.7	0
472000	-0.0713491	-49756	0
473000	-0.0718921	-49756.2	0
474000	-0.0710925	-49756	0
475000	-0.0694407	-49755.7	0
476000	-0.0679199	-49755.4	0
477000	-0.0674213	-49755.3	0
478000	-0.068221	-49755.4	0
479000	-0.0698281	-49755.7	0
480000	-0.0712857	-49756	0
481000	-0.0717414	-49756.1	0
482000	-0.0709443	-49756	0
483000	-0.0693821	-49755.6	0
484000	-0.0679839	-49755.4	0
485000	-0.0675684	-49755.3	0
486000	-0.0683636	-49755.4	0
487000	-0.0698825	-49755.7	0
488000	-0.0712216	-49756	0
489000	-0.0715984	-49756.1	0
490000	-0.0708076	-49755.9	0
491000	-0.0693319	-49755.6	0
492000	-0.0680484	-49755.4	0
493000	-0.0677079	-49755.3	0
494000	-0.068495	-49755.5	0
495000	-0.0699289	-49755.8	0
496000	-0.0711572	-49756	0
497000	-0.0714629	-49756.1	0
498000	-0.0706817	-49755.9	0
499000	-0.0692894	-49755.6	0
500000	-0.068113	-49755.4	0
501000	-0.06784	-49755.3	0
502000	-0.068616	-49755.5	0
503000	-0.069968	-49755.8	0
504000	-0.071093	-49756	0
505000	-0.0713348	-49756	0
506000	-0.0705659	-49755.9	0
507000	-0.0692538	-49755.6	0
508000	-0.0681773	-49755.4	0
509000	-0.0679649	-49755.4	0
510000	-0.0687272	-49755.5	0
511000	-0.0700005	-49755.8	0
512000	-0.0710291	-49756	0
513000	-0.0712137	-49756	0
514000	-0.0704596	-49755.9	0
515000	-0.0692245	-49755.6	0
516000	-0.068241	-49755.4	0
517000	-0.0680828	-49755.4	0
518000	-0.0688292	-49755.5	0
519000	-0.0700271	-49755.8	0
520000	-0.070966	-49756	0
521000	-0.0710994	-49756	0
522000	-0.0703621	-49755.8	0
523000	-0.0692008	-49755.6	0
524000	-0.068304	-49755.4	0
525000	-0.0681941	-49755.4	0
526000	-0.0689227	-49755.6	0
527000	-0.0700484	-49755.8	0
528000	-0.0709038	-49756	0
529000	-0.0709916	-49756	0
530000	-0.0702728	-49755.8	0
531000	-0.0691822	-49755.6	0
532000	-0.0683659	-49755.4	0
533000	-0.0682989	-49755.4	0
534000	-0.0690083	-49755.6	0
535000	-0.0700648	-49755.8	0
536000	-0.0708427	-49755.9	0
537000	-0.0708902	-49756	0
538000	-0.0701912	-49755.8	0
539000	-0.0691681	-49755.6	0
540000	-0.0684266	-49755.5	0
541000	-0.0683976	-49755.4	0
542000	-0.0690865	-49755.6	0
543000	-0.070077	-49755.8	0
544000	-0.0707829	-49755.9	0
545000	-0.0707947	-49755.9	0
546000	-0.0701168	-49755.8	0
547000	-0.0691581	-49755.6	0
548000	-0.0684859	-49755.5	0
549000	-0.0684904	-49755.5	0
550000	-0.0691578	-49755.6	0
551000	-0.0700854	-49755.8	0
552000	-0.0707246	-49755.9	0
553000	-0.0707051	-49755.9	0
554000	-0.070049	-49755.8	0
555000	-0.0691516	-49755.6	0
556000	-0.0685437	-49755.5	0
557000	-0.0685775	-49755.5	0
558000	-0.0692226	-49755.6	0
559000	-0.0700904	-49755.8	0
560000	-0.0706679	-49755.9	0
561000	-0.070621	-49755.9	0
562000	-0.0699874	-49755.8	0
563000	-0.0691484	-49755.6	0
564000	-0.0685999	-49755.5	0
565000	-0.0686592	-49755.5	0
566000	-0.0692816	-49755.6	0
567000	-0.0700924	-49755.8	0
568000	-0.0706128	-49755.9	0
569000	-0.0705421	-49755.9	0
570000	-0.0699315	-49755.8	0
571000	-0.069148	-49755.6	0
572000	-0.0686544	-49755.5	0
573000	-0.0687357	-49755.5	0
574000	-0.069335	-49755.6	0
575000	-0.0700918	-49755.8	0
576000	-0.0705594	-49755.9	0
577000	-0.0704683	-49755.9	0
578000	-0.0698809	-49755.8	0
579000	-0.0691501	-49755.6	0
580000	-0.0687071	-49755.5	0
581000	-0.0688074	-49755.5	0
582000	-0.0693833	-49755.6	0
583000	-0.0700888	-49755.8	0
584000	-0.0705079	-49755.9	0
585000	-0.0703993	-49755.9	0
586000	-0.0698353	-49755.7	0
587000	-0.0691543	-49755.6	0
588000	-0.068758	-49755.5	0
589000	-0.0688744	-49755.5	0
590000	-0.0694268	-49755.7	0
591000	-0.0700839	-49755.8	0
592000	-0.0704582	-49755.9	0
593000	-0.0703348	-49755.8	0
594000	-0.0697942	-49755.7	0
595000	-0.0691604	-49755.6	0
596000	-0.068807	-49755.5	0
597000	-0.068937	-49755.6	0
598000	-0.0694661	-49755.7	0
599000	-0.0700772	-49755.8	0
600000	-0.0704104	-49755.9	0
601000	-0.0702746	-49755.8	0
602000	-0.0697573	-49755.7	0
603000	-0.0691681	-49755.6	0
604000	-0.0688542	-49755.5	0
605000	-0.0689953	-49755.6	0
606000	-0.0695012	-49755.7	0
607000	-0.070069	-49755.8	0
608000	-0.0703644	-49755.8	0
609000	-0.0702185	-49755.8	0
610000	-0.0697242	-49755.7	0
611000	-0.0691772	-49755.6	0
612000	-0.0688994	-49755.6	0
613000	-0.0690497	-49755.6	0
614000	-0.0695327	-49755.7	0
615000	-0.0700596	-49755.8	0
616000	-0.0703203	-49755.8	0
617000	-0.0701663	-49755.8	0
618000	-0.0696947	-49755.7	0
619000	-0.0691874	-49755.6	0
620000	-0.0689428	-49755.6	0
621000	-0.0691003	-49755.6	0
622000	-0.0695608	-49755.7	0
623000	-0.0700491	-49755.8	0
624000	-0.0702781	-49755.8	0
625000	-0.0701178	-49755.8	0
626000	-0.0696685	-49755.7	0
627000	-0.0691986	-49755.6	0
628000	-0.0689843	-49755.6	0
629000	-0.0691473	-49755.6	0
630000	-0.0695857	-49755.7	0
631000	-0.0700377	-49755.8	0
632000	-0.0702378	-49755.8	0
633000	-0.0700727	-49755.8	0
634000	-0.0696453	-49755.7	0
635000	-0.0692106	-49755.6	0
636000	-0.069024	-49755.6	0
637000	-0.069191	-49755.6	0
638000	-0.0696078	-49755.7	0
639000	-0.0700256	-49755.8	0
640000	-0.0701993	-49755.8	0
641000	-0.0700309	-49755.8	0
642000	-0.0696248	-49755.7	0
643000	-0.0692232	-49755.6	0
644000	-0.0690618	-49755.6	0
645000	-0.0692315	-49755.6	0
646000	-0.0696272	-49755.7	0
647000	-0.070013	-49755.8	0
648000	-0.0701626	-49755.8	0
649000	-0.0699922	-49755.8	0
650000	-0.0696069	-49755.7	0
651000	-0.0692363	-49755.6	0
652000	-0.0690979	-49755.6	0
653000	-0.069269	-49755.6	0
654000	-0.0696442	-49755.7	0
655000	-0.0699999	-49755.8	0
656000	-0.0701277	-49755.8	0
657000	-0.0699563	-49755.8	0
658000	-0.0695912	-49755.7	0
659000	-0.0692498	-49755.6	0
660000	-0.0691322	-49755.6	0
661000	-0.0693037	-49755.6	0
662000	-0.069659	-49755.7	0
663000	-0.0699866	-49755.8	0
664000	-0.0700946	-49755.8	0
665000	-0.0699232	-49755.8	0
666000	-0.0695777	-49755.7	0
667000	-0.0692636	-49755.6	0
668000	-0.0691648	-49755.6	0
669000	-0.0693358	-49755.6	0
670000	-0.0696719	-49755.7	0
671000	-0.069973	-49755.8	0
672000	-0.0700631	-49755.8	0
673000	-0.0698927	-49755.8	0
674000	-0.069566	-49755.7	0
675000	-0.0692774	-49755.6	0
676000	-0.0691957	-49755.6	0
677000	-0.0693654	-49755.6	0
678000	-0.0696829	-49755.7	0
679000	-0.0699593	-49755.8	0
680000	-0.0700332	-49755.8	0
681000	-0.0698645	-49755.7	0
682000	-0.0695561	-49755.7	0
683000	-0.0692914	-49755.6	0
684000	-0.069225	-49755.6	0
685000	-0.0693927	-49755.7	0
686000	-0.0696922	-49755.7	0
687000	-0.0699457	-49755.8	0
688000	-0.070005	-49755.8	0
689000	-0.0698386	-49755.7	0
690000	-0.0695478	-49755.7	0
691000	-0.0693053	-49755.6	0
692000	-0.0692527	-49755.6	0
693000	-0.0694178	-49755.7	0
694000	-0.0697001	-49755.7	0
695000	-0.069932	-49755.8	0
696000	-0.0699783	-49755.8	0
697000	-0.0698148	-49755.7	0
698000	-0.0695409	-49755.7	0
699000	-0.0693191	-49755.6	0
700000	-0.0692789	-49755.6	0
701000	-0.0694408	-49755.7	0
702000	-0.0697066	-49755.7	0
703000	-0.0699185	-49755.8	0
704000	-0.0699531	-49755.8	0
705000	-0.069793	-49755.7	0
706000	-0.0695352	-49755.7	0
707000	-0.0693328	-49755.6	0
708000	-0.0693037	-49755.6	0
709000	-0.069462	-49755.7	0
710000	-0.0697119	-49755.7	0
711000	-0.0699052	-49755.8	0
712000	-0.0699293	-49755.8	0
713000	-0.0697729	-49755.7	0
714000	-0.0695308	-49755.7	0
715000	-0.0693463	-49755.6	0
716000	-0.069327	-49755.6	0
717000	-0.0694814	-49755.7	0
718000	-0.0697161	-49755.7	0
719000	-0.069892	-49755.8	0
720000	-0.0699069	-49755.8	0
721000	-0.0697546	-49755.7	0
722000	-0.0695273	-49755.7	0
723000	-0.0693596	-49755.6	0
724000	-0.069349	-49755.6	0
725000	-0.0694991	-49755.7	0
726000	-0.0697193	-49755.7	0
727000	-0.0698792	-49755.8	0
728000	-0.0698858	-49755.8	0
729000	-0.069738	-49755.7	0
730000	-0.0695248	-49755.7	0
731000	-0.0693726	-49755.7	0
732000	-0.0693697	-49755.6	0
733000	-0.0695153	-49755.7	0
734000	-0.0697217	-49755.7	0
735000	-0.0698666	-49755.8	0
736000	-0.069866	-49755.8	0
737000	-0.0697227	-49755.7	0
738000	-0.0695231	-49755.7	0
739000	-0.0693853	-49755.7	0
740000	-0.0693891	-49755.7	0
741000	-0.0695301	-49755.7	0
742000	-0.0697232	-49755.7	0
743000	-0.0698543	-49755.7	0
744000	-0.0698475	-49755.7	0
745000	-0.0697089	-49755.7	0
746000	-0.0695222	-49755.7	0
747000	-0.0693976	-49755.7	0
748000	-0.0694074	-49755.7	0
749000	-0.0695435	-49755.7	0
750000	-0.0697241	-49755.7	0
751000	-0.0698424	-49755.7	0
752000	-0.06983	-49755.7	0
753000	-0.0696964	-49755.7	0
754000	-0.0695218	-49755.7	0
755000	-0.0694096	-49755.7	0
756000	-0.0694245	-49755.7	0
757000	-0.0695558	-49755.7	0
758000	-0.0697244	-49755.7	0
759000	-0.0698309	-49755.7	0
760000	-0.0698137	-49755.7	0
761000	-0.069685	-49755.7	0
762000	-0.0695221	-49755.7	0
763000	-0.0694212	-49755.7	0
764000	-0.0694406	-49755.7	0
765000	-0.0695668	-49755.7	0
766000	-0.0697241	-49755.7	0
767000	-0.0698197	-49755.7	0
768000	-0.0697984	-49755.7	0
769000	-0.0696747	-49755.7	0
770000	-0.0695229	-49755.7	0
771000	-0.0694324	-49755.7	0
772000	-0.0694556	-49755.7	0
773000	-0.0695768	-49755.7	0
774000	-0.0697234	-49755.7	0
775000	-0.0698089	-49755.7	0
776000	-0.0697842	-49755.7	0
777000	-0.0696655	-49755.7	0
778000	-0.069524	-49755.7	0
779000	-0.0694433	-49755.7	0
780000	-0.0694696	-49755.7	0
781000	-0.0695858	-49755.7	0
782000	-0.0697223	-49755.7	0
783000	-0.0697986	-49755.7	0
784000	-0.0697709	-49755.7	0
785000	-0.0696572	-49755.7	0
786000	-0.0695256	-49755.7	0
787000	-0.0694537	-49755.7	0
788000	-0.0694827	-49755.7	0
789000	-0.069594	-49755.7	0
790000	-0.0697208	-49755.7	0
791000	-0.0697886	-49755.7	0
792000	-0.0697585	-49755.7	0
793000	-0.0696497	-49755.7	0
794000	-0.0695275	-49755.7	0
795000	-0.0694637	-49755.7	0
796000	-0.0694949	-49755.7	0
797000	-0.0696012	-49755.7	0
798000	-0.069719	-49755.7	0
799000	-0.069779	-49755.7	0
800000	-0.0697469	-49755.7	0
801000	-0.0696431	-49755.7	0
802000	-0.0695297	-49755.7	0
803000	-0.0694734	-49755.7	0
804000	-0.0695063	-49755.7	0
805000	-0.0696078	-49755.7	0
806000	-0.069717	-49755.7	0
807000	-0.0697698	-49755.7	0
808000	-0.0697362	-49755.7	0
809000	-0.0696372	-49755.7	0
810000	-0.0695321	-49755.7	0
811000	-0.0694826	-49755.7	0
812000	-0.069517	-49755.7	0
813000	-0.0696136	-49755.7	0
814000	-0.0697148	-49755.7	0
815000	-0.0697611	-49755.7	0
816000	-0.0697262	-49755.7	0
817000	-0.069632	-49755.7	0
818000	-0.0695346	-49755.7	0
819000	-0.0694914	-49755.7	0
820000	-0.0695268	-49755.7	0
821000	-0.0696188	-49755.7	0
822000	-0.0697124	-49755.7	0
823000	-0.0697527	-49755.7	0
824000	-0.069717	-49755.7	0
825000	-0.0696274	-49755.7	0
826000	-0.0695374	-49755.7	0
827000	-0.0694999	-49755.7	0
828000	-0.069536	-49755.7	0
829000	-0.0696233	-49755.7	0
830000	-0.0697098	-49755.7	0
831000	-0.0697447	-49755.7	0
832000	-0.0697084	-49755.7	0
833000	-0.0696233	-49755.7	0
834000	-0.0695402	-49755.7	0
835000	-0.0695079	-49755.7	0
836000	-0.0695445	-49755.7	0
837000	-0.0696274	-49755.7	0
838000	-0.0697072	-49755.7	0
839000	-0.0697371	-49755.7	0
840000	-0.0697005	-49755.7	0
841000	-0.0696198	-49755.7	0
842000	-0.0695432	-49755.7	0
843000	-0.0695156	-49755.7	0
844000	-0.0695523	-49755.7	0
845000	-0.0696309	-49755.7	0
846000	-0.0697044	-49755.7	0
847000	-0.0697299	-49755.7	0
848000	-0.0696931	-49755.7	0
849000	-0.0696167	-49755.7	0
850000	-0.0695462	-49755.7	0
851000	-0.0695229	-49755.7	0
852000	-0.0695596	-49755.7	0
853000	-0.069634	-49755.7	0
854000	-0.0697017	-49755.7	0
855000	-0.0697231	-49755.7	0
856000	-0.0696864	-49755.7	0
857000	-0.0696141	-49755.7	0
858000	-0.0695493	-49755.7	0
859000	-0.0695298	-49755.7	0
860000	-0.0695664	-49755.7	0
861000	-0.0696367	-49755.7	0
862000	-0.0696988	-49755.7	0
863000	-0.0697166	-49755.7	0
864000	-0.0696802	-49755.7	0
865000	-0.0696119	-49755.7	0
866000	-0.0695524	-49755.7	0
867000	-0.0695364	-49755.7	0
868000	-0.0695726	-49755.7	0
869000	-0.069639	-49755.7	0
870000	-0.069696	-49755.7	0
871000	-0.0697104	-49755.7	0
872000	-0.0696745	-49755.7	0
873000	-0.06961	-49755.7	0
874000	-0.0695555	-49755.7	0
875000	-0.0695426	-49755.7	0
876000	-0.0695783	-49755.7	0
877000	-0.0696409	-49755.7	0
878000	-0.0696932	-49755.7	0
879000	-0.0697046	-49755.7	0
880000	-0.0696692	-49755.7	0
881000	-0.0696085	-49755.7	0
882000	-0.0695585	-49755.7	0
883000	-0.0695485	-49755.7	0
884000	-0.0695836	-49755.7	0
885000	-0.0696426	-49755.7	0
886000	-0.0696904	-49755.7	0
887000	-0.0696991	-49755.7	0
888000	-0.0696644	-49755.7	0
889000	-0.0696072	-49755.7	0
890000	-0.0695616	-49755.7	0
891000	-0.0695541	-49755.7	0
892000	-0.0695885	-49755.7	0
893000	-0.069644	-49755.7	0
894000	-0.0696876	-49755.7	0
895000	-0.069694	-49755.7	0
896000	-0.06966	-49755.7	0
897000	-0.0696062	-49755.7	0
898000	-0.0695646	-49755.7	0
899000	-0.0695593	-49755.7	0
900000	-0.069593	-49755.7	0
901000	-0.0696451	-49755.7	0
902000	-0.0696848	-49755.7	0
903000	-0.0696891	-49755.7	0
904000	-0.069656	-49755.7	0
905000	-0.0696055	-49755.7	0
906000	-0.0695676	-49755.7	0
907000	-0.0695643	-49755.7	0
908000	-0.0695971	-49755.7	0
909000	-0.069646	-49755.7	0
910000	-0.0696822	-49755.7	0
911000	-0.0696845	-49755.7	0
912000	-0.0696523	-49755.7	0
913000	-0.0696049	-49755.7	0
914000	-0.0695705	-49755.7	0
915000	-0.069569	-49755.7	0
916000	-0.0696008	-49755.7	0
917000	-0.0696467	-49755.7	0
918000	-0.0696795	-49755.7	0
919000	-0.0696802	-49755.7	0
920000	-0.069649	-49755.7	0
921000	-0.0696046	-49755.7	0
922000	-0.0695734	-49755.7	0
923000	-0.0695734	-49755.7	0
924000	-0.0696042	-49755.7	0
925000	-0.0696472	-49755.7	0
926000	-0.069677	-49755.7	0
927000	-0.0696762	-49755.7	0
928000	-0.0696459	-49755.7	0
929000	-0.0696044	-49755.7	0
930000	-0.0695762	-49755.7	0
931000	-0.0695776	-49755.7	0
932000	-0.0696074	-49755.7	0
933000	-0.0696476	-49755.7	0
934000	-0.0696745	-49755.7	0
935000	-0.0696724	-49755.7	0
936000	-0.0696432	-49755.7	0
937000	-0.0696044	-49755.7	0
938000	-0.0695789	-49755.7	0
939000	-0.0695815	-49755.7	0
940000	-0.0696102	-49755.7	0
941000	-0.0696478	-49755.7	0
942000	-0.069672	-49755.7	0
943000	-0.0696689	-49755.7	0
944000	-0.0696407	-49755.7	0
945000	-0.0696044	-49755.7	0
946000	-0.0695815	-49755.7	0
947000	-0.0695852	-49755.7	0
948000	-0.0696129	-49755.7	0
949000	-0.0696479	-49755.7	0
950000	-0.0696697	-49755.7	0
951000	-0.0696656	-49755.7	0
952000	-0.0696385	-49755.7	0
953000	-0.0696047	-49755.7	0
954000	-0.0695841	-49755.7	0
955000	-0.0695886	-49755.7	0
956000	-0.0696152	-49755.7	0
957000	-0.0696479	-49755.7	0
958000	-0.0696675	-49755.7	0
959000	-0.0696625	-49755.7	0
960000	-0.0696365	-49755.7	0
961000	-0.069605	-49755.7	0
962000	-0.0695865	-49755.7	0
963000	-0.0695918	-49755.7	0
964000	-0.0696174	-49755.7	0
965000	-0.0696478	-49755.7	0
966000	-0.0696653	-49755.7	0
967000	-0.0696597	-49755.7	0
968000	-0.0696347	-49755.7	0
969000	-0.0696054	-49755.7	0
970000	-0.0695889	-49755.7	0
971000	-0.0695949	-49755.7	0
972000	-0.0696193	-49755.7	0
973000	-0.0696477	-49755.7	0
974000	-0.0696632	-49755.7	0
975000	-0.069657	-49755.7	0
976000	-0.0696331	-49755.7	0
977000	-0.0696058	-49755.7	0
978000	-0.0695912	-49755.7	0
979000	-0.0695977	-49755.7	0
980000	-0.0696211	-49755.7	0
981000	-0.0696474	-49755.7	0
982000	-0.0696612	-49755.7	0
983000	-0.0696545	-49755.7	0
984000	-0.0696317	-49755.7	0
985000	-0.0696064	-49755.7	0
986000	-0.0695934	-49755.7	0
987000	-0.0696003	-49755.7	0
988000	-0.0696227	-49755.7	0
989000	-0.0696471	-49755.7	0
990000	-0.0696593	-49755.7	0
991000	-0.0696522	-49755.7	0
992000	-0.0696305	-49755.7	0
993000	-0.069607	-49755.7	0
994000	-0.0695956	-49755.7	0
995000	-0.0696028	-49755.7	0
996000	-0.0696241	-49755.7	0
997000	-0.0696468	-49755.7	0
998000	-0.0696575	-49755.7	0
999000	-0.0696501	-49755.7	0
1e+06	-0.0696294	-49755.7	0
