0.211325	0.211325	0	
0	0	-50000	0
10000	-4.76579e-11	-48676.1	0
20000	-2.01031e-10	-46068.3	0
30000	-2.77674e-10	-42788.5	0
40000	-3.00165e-11	-39440.7	0
50000	2.5544e-10	-36534.2	0
60000	1.13205e-10	-34428.3	0
70000	-1.29183e-10	-33309	0
80000	-8.73115e-11	-33194.1	0
90000	-1.09465e-10	-33959.4	0
100000	6.84128e-11	-35379.4	0
110000	5.1725e-11	-37173.1	0
120000	-8.45518e-11	-39050.5	0
130000	-2.32479e-10	-40751.7	0
140000	-2.22256e-10	-42076.2	0
150000	-1.11641e-10	-42900	0
160000	3.40695e-11	-43180.9	0
170000	-1.02813e-10	-42952	0
180000	-3.73215e-10	-42307.5	0
190000	-1.96814e-10	-41382.1	0
200000	-1.07077e-10	-40328.8	0
210000	-1.18301e-10	-39297.4	0
220000	-7.02643e-12	-38415.5	0
230000	-2.79706e-10	-37775.9	0
240000	-4.02477e-10	-37429.1	0
250000	2.27596e-11	-37382.7	0
260000	-1.71206e-10	-37605.4	0
270000	-2.62757e-10	-38036.5	0
280000	-2.7785e-11	-38596.4	0
290000	-2.8084e-10	-39199.4	0
300000	-1.37622e-10	-39765.1	0
310000	1.20649e-10	-40227.5	0
320000	-2.29933e-10	-40541.7	0
330000	-3.10308e-10	-40686.5	0
340000	1.05065e-10	-40664.7	0
350000	-1.41646e-10	-40499.1	0
360000	-1.96292e-10	-40227.7	0
370000	2.40061e-10	-39897.2	0
380000	-1.11613e-10	-39555.6	0
390000	-2.35629e-10	-39246.7	0
400000	3.36783e-10	-39004.9	0
410000	4.80394e-11	-38852	0
420000	-2.82829e-10	-38796.3	0
430000	1.5466e-12	-38832.8	0
440000	-1.83018e-10	-38945.9	0
450000	-2.22608e-10	-39112.2	0
460000	2.26017e-10	-39304.9	0
470000	3.96146e-11	-39496.7	0
480000	-6.23032e-10	-39664.1	0
490000	-9.01219e-11	-39789.2	0
500000	1.17209e-10	-39861.8	0
510000	-2.78645e-10	-39879	0
520000	-4.27294e-11	-39845.6	0
530000	-3.86525e-11	-39771.7	0
540000	-5.31481e-10	-39671.5	0
550000	7.92406e-11	-39560.4	0
560000	4.31242e-10	-39453.6	0
570000	-2.92166e-10	-39363.7	0
580000	-2.11582e-10	-39299.9	0
590000	9.68697e-11	-39266.9	0
600000	-8.5841e-11	-39265	0
610000	1.60915e-10	-39290.8	0
620000	3.18978e-10	-39337.7	0
630000	-5.03578e-10	-39397.3	0
640000	-3.33871e-10	-39460.7	0
650000	3.36063e-10	-39519.7	0
660000	-1.93314e-10	-39567.4	0
670000	-1.8088e-10	-39599.3	0
680000	1.37346e-10	-39613.4	0
690000	-2.53656e-10	-39610.1	0
700000	-1.85237e-10	-39591.8	0
710000	3.80427e-10	-39562.8	0
720000	-1.88182e-11	-39527.7	0
730000	-4.37658e-10	-39491.8	0
740000	-1.04259e-10	-39459.6	0
750000	-1.14971e-10	-39434.5	0
760000	-1.52574e-10	-39418.9	0
770000	5.46448e-11	-39413.6	0
780000	-1.07154e-10	-39417.9	0
790000	-5.11761e-10	-39430.1	0
800000	-1.47662e-10	-39447.9	0
810000	2.484e-10	-39468.2	0
820000	6.15914e-12	-39488.4	0
830000	-3.54289e-10	-39505.9	0
840000	2.26092e-11	-39518.8	0
850000	-1.21548e-10	-39526.2	0
860000	-1.20254e-10	-39527.7	0
870000	2.92467e-10	-39524	0
880000	-1.3442e-10	-39516	0
890000	-6.06627e-10	-39505.4	0
900000	2.34293e-10	-39493.7	0
910000	2.12918e-10	-39482.4	0
920000	-4.19565e-10	-39473.1	0
930000	1.00751e-10	-39466.5	0
940000	-7.39271e-11	-39463.2	0
950000	-6.35952e-10	-39463.1	0
960000	1.02343e-10	-39465.9	0
970000	3.60724e-10	-39471	0
980000	-5.49505e-10	-39477.3	0
990000	-3.77645e-10	-39484	0
1e+06	7.6161e-11	-39490.2	0
1.01e+06	-3.56435e-10	-39495.1	0
1.02e+06	-1.61076e-10	-39498.4	0
1.03e+06	1.03747e-12	-39499.8	0
1.04e+06	-4.5904e-10	-39499.4	0
1.05e+06	-4.05702e-10	-39497.4	0
1.06e+06	1.15789e-10	-39494.3	0
1.07e+06	-2.32941e-10	-39490.6	0
1.08e+06	-4.13228e-10	-39486.8	0
1.09e+06	-1.92696e-10	-39483.4	0
1.1e+06	-2.90926e-10	-39480.8	0
1.11e+06	-4.04245e-10	-39479.2	0
1.12e+06	8.77032e-11	-39478.7	0
1.13e+06	-2.59999e-10	-39479.2	0
1.14e+06	-6.52129e-10	-39480.5	0
1.15e+06	-1.44157e-10	-39482.4	0
1.16e+06	-2.25651e-10	-39484.6	0
1.17e+06	-3.31667e-10	-39486.7	0
1.18e+06	-2.20473e-10	-39488.5	0
1.19e+06	-4.71153e-10	-39489.9	0
1.2e+06	-6.48624e-10	-39490.6	0
1.21e+06	-3.03129e-10	-39490.7	0
1.22e+06	-1.70565e-10	-39490.3	0
1.23e+06	-4.75524e-10	-39489.5	0
1.24e+06	-4.8478e-10	-39488.3	0
1.25e+06	-6.57864e-10	-39487.1	0
1.26e+06	-4.72005e-10	-39485.9	0
1.27e+06	-7.92233e-11	-39484.9	0
1.28e+06	-4.95851e-10	-39484.3	0
1.29e+06	-7.56905e-10	-39483.9	0
1.3e+06	-5.71078e-10	-39483.9	0
1.31e+06	-6.4168e-10	-39484.3	0
1.32e+06	-5.31396e-10	-39484.8	0
1.33e+06	-1.75181e-10	-39485.5	0
1.34e+06	-6.63583e-10	-39486.2	0
1.35e+06	-9.66944e-10	-39486.8	0
1.36e+06	-3.0491e-10	-39487.3	0
1.37e+06	-2.89481e-10	-39487.7	0
1.38e+06	-5.80853e-10	-39487.8	0
1.39e+06	-6.67697e-10	-39487.8	0
1.4e+06	-6.18016e-10	-39487.5	0
1.41e+06	-6.48157e-10	-39487.2	0
1.42e+06	-5.03186e-10	-39486.8	0
1.43e+06	-4.40981e-10	-39486.4	0
1.44e+06	-9.43338e-10	-39486.1	0
1.45e+06	-8.24769e-10	-39485.8	0
1.46e+06	-4.23099e-10	-39485.6	0
1.47e+06	-5.00358e-10	-39485.6	0
1.48e+06	-6.03741e-10	-39485.6	0
1.49e+06	-7.82802e-10	-39485.8	0
1.5e+06	-8.95538e-10	-39486	0
1.51e+06	-7.71012e-10	-39486.2	0
1.52e+06	-4.29489e-10	-39486.4	0
1.53e+06	-6.63804e-10	-39486.6	0
1.54e+06	-9.41423e-10	-39486.8	0
1.55e+06	-8.12816e-10	-39486.8	0
1.56e+06	-5.85575e-10	-39486.8	0
1.57e+06	-5.90786e-10	-39486.8	0
1.58e+06	-7.47987e-10	-39486.7	0
1.59e+06	-6.91135e-10	-39486.6	0
1.6e+06	-7.80865e-10	-39486.5	0
1.61e+06	-6.6738e-10	-39486.3	0
1.62e+06	-5.41975e-10	-39486.2	0
1.63e+06	-6.83139e-10	-39486.2	0
1.64e+06	-9.24502e-10	-39486.1	0
1.65e+06	-6.76462e-10	-39486.1	0
1.66e+06	-5.93975e-10	-39486.2	0
1.67e+06	-6.45984e-10	-39486.2	0
1.68e+06	-5.49073e-10	-39486.3	0
1.69e+06	-8.50631e-10	-39486.4	0
1.7e+06	-7.80351e-10	-39486.4	0
1.71e+06	-4.39419e-10	-39486.5	0
1.72e+06	-6.37583e-10	-39486.5	0
1.73e+06	-7.29755e-10	-39486.5	0
1.74e+06	-5.29913e-10	-39486.5	0
1.75e+06	-6.48474e-10	-39486.5	0
1.76e+06	-6.37375e-10	-39486.5	0
1.77e+06	-4.06324e-10	-39486.4	0
1.78e+06	-4.98259e-10	-39486.4	0
1.79e+06	-7.65858e-10	-39486.4	0
1.8e+06	-4.58708e-10	-39486.3	0
1.81e+06	-2.34703e-10	-39486.3	0
1.82e+06	-5.67397e-10	-39486.3	0
1.83e+06	-5.37483e-10	-39486.3	0
1.84e+06	-1.21957e-10	-39486.3	0
1.85e+06	-5.46365e-10	-39486.3	0
1.86e+06	-4.203e-10	-39486.4	0
1.87e+06	-2.1862e-10	-39486.4	0
1.88e+06	-4.8628e-10	-39486.4	0
1.89e+06	-4.13718e-10	-39486.4	0
1.9e+06	-1.84587e-10	-39486.4	0
1.91e+06	-3.25272e-10	-39486.4	0
1.92e+06	-5.84635e-10	-39486.4	0
1.93e+06	-1.96369e-10	-39486.4	0
1.94e+06	-3.48541e-10	-39486.4	0
1.95e+06	-5.94773e-10	-39486.4	0
1.96e+06	-3.30345e-10	-39486.4	0
1.97e+06	-4.57507e-10	-39486.4	0
1.98e+06	-5.40336e-10	-39486.4	0
1.99e+06	-3.37254e-10	-39486.4	0
2e+06	-3.71891e-10	-39486.4	0
2.01e+06	-6.17776e-10	-39486.4	0
2.02e+06	-5.3467e-10	-39486.4	0
2.03e+06	-4.64386e-10	-39486.4	0
2.04e+06	-6.00526e-10	-39486.4	0
2.05e+06	-4.52369e-10	-39486.4	0
2.06e+06	-5.36595e-10	-39486.4	0
2.07e+06	-7.59856e-10	-39486.4	0
2.08e+06	-3.49145e-10	-39486.4	0
2.09e+06	-3.6067e-10	-39486.4	0
2.1e+06	-6.81733e-10	-39486.4	0
2.11e+06	-5.8621e-10	-39486.4	0
2.12e+06	-6.40842e-10	-39486.4	0
2.13e+06	-5.77829e-10	-39486.4	0
2.14e+06	-1.74635e-10	-39486.4	0
2.15e+06	-4.88414e-10	-39486.4	0
2.16e+06	-8.79326e-10	-39486.4	0
2.17e+06	-5.94403e-10	-39486.4	0
2.18e+06	-3.31285e-10	-39486.4	0
2.19e+06	-3.77881e-10	-39486.4	0
2.2e+06	-6.14184e-10	-39486.4	0
2.21e+06	-8.91931e-10	-39486.4	0
2.22e+06	-7.01409e-10	-39486.4	0
2.23e+06	-3.86358e-10	-39486.4	0
2.24e+06	-6.57861e-10	-39486.4	0
2.25e+06	-8.09874e-10	-39486.4	0
2.26e+06	-7.97312e-10	-39486.4	0
2.27e+06	-8.42309e-10	-39486.4	0
2.28e+06	-5.84582e-10	-39486.4	0
2.29e+06	-6.16196e-10	-39486.4	0
2.3e+06	-1.0427e-09	-39486.4	0
2.31e+06	-9.95709e-10	-39486.4	0
2.32e+06	-8.63628e-10	-39486.4	0
2.33e+06	-9.07677e-10	-39486.4	0
2.34e+06	-6.52983e-10	-39486.4	0
2.35e+06	-8.88917e-10	-39486.4	0
2.36e+06	-1.26867e-09	-39486.4	0
2.37e+06	-8.63647e-10	-39486.4	0
2.38e+06	-7.66184e-10	-39486.4	0
2.39e+06	-1.01724e-09	-39486.4	0
2.4e+06	-9.24111e-10	-39486.4	0
2.41e+06	-9.76245e-10	-39486.4	0
2.42e+06	-1.26184e-09	-39486.4	0
2.43e+06	-7.84402e-10	-39486.4	0
2.44e+06	-7.23291e-10	-39486.4	0
2.45e+06	-1.18781e-09	-39486.4	0
2.46e+06	-8.60234e-10	-39486.4	0
2.47e+06	-9.17134e-10	-39486.4	0
2.48e+06	-9.91474e-10	-39486.4	0
2.49e+06	-6.42672e-10	-39486.4	0
2.5e+06	-8.75541e-10	-39486.4	0
2.51e+06	-1.16118e-09	-39486.4	0
2.52e+06	-7.34256e-10	-39486.4	0
2.53e+06	-7.59741e-10	-39486.4	0
2.54e+06	-1.04007e-09	-39486.4	0
2.55e+06	-8.81805e-10	-39486.4	0
2.56e+06	-8.52286e-10	-39486.4	0
2.57e+06	-1.18125e-09	-39486.4	0
2.58e+06	-8.84508e-10	-39486.4	0
2.59e+06	-6.82511e-10	-39486.4	0
2.6e+06	-1.19003e-09	-39486.4	0
2.61e+06	-9.50432e-10	-39486.4	0
2.62e+06	-6.30114e-10	-39486.4	0
2.63e+06	-1.05202e-09	-39486.4	0
2.64e+06	-9.62204e-10	-39486.4	0
2.65e+06	-5.14088e-10	-39486.4	0
2.66e+06	-1.20683e-09	-39486.4	0
2.67e+06	-8.54994e-10	-39486.4	0
2.68e+06	-7.55026e-10	-39486.4	0
2.69e+06	-1.17496e-09	-39486.4	0
2.7e+06	-1.00685e-09	-39486.4	0
2.71e+06	-7.97226e-10	-39486.4	0
2.72e+06	-1.09129e-09	-39486.4	0
2.73e+06	-1.22726e-09	-39486.4	0
2.74e+06	-9.21734e-10	-39486.4	0
2.75e+06	-1.03767e-09	-39486.4	0
2.76e+06	-1.11392e-09	-39486.4	0
2.77e+06	-9.54626e-10	-39486.4	0
2.78e+06	-9.9621e-10	-39486.4	0
2.79e+06	-9.93604e-10	-39486.4	0
2.8e+06	-1.00145e-09	-39486.4	0
2.81e+06	-9.36687e-10	-39486.4	0
2.82e+06	-1.03265e-09	-39486.4	0
2.83e+06	-1.14661e-09	-39486.4	0
2.84e+06	-1.05753e-09	-39486.4	0
2.85e+06	-9.35725e-10	-39486.4	0
2.86e+06	-1.14282e-09	-39486.4	0
2.87e+06	-1.03732e-09	-39486.4	0
2.88e+06	-9.38469e-10	-39486.4	0
2.89e+06	-1.03242e-09	-39486.4	0
2.9e+06	-8.2787e-10	-39486.4	0
2.91e+06	-8.8375e-10	-39486.4	0
2.92e+06	-1.0629e-09	-39486.4	0
2.93e+06	-9.29102e-10	-39486.4	0
2.94e+06	-9.17089e-10	-39486.4	0
2.95e+06	-9.14991e-10	-39486.4	0
2.96e+06	-7.98834e-10	-39486.4	0
2.97e+06	-9.88642e-10	-39486.4	0
2.98e+06	-1.08163e-09	-39486.4	0
2.99e+06	-7.38838e-10	-39486.4	0
3e+06	-9.16029e-10	-39486.4	0
