0.211325	0.211325	0	
0	0	0	0
10000	2.56283e-10	-44186.6	0
20000	-6.69493e-10	-72301	0
30000	5.09124e-10	-21908.3	0
40000	-3.81579e-11	-20426.5	0
50000	-2.16741e-10	-66750.7	0
60000	4.06534e-11	-35186.7	0
70000	-1.0447e-11	-19419.8	0
80000	2.62817e-10	-61134.7	0
90000	-4.80777e-10	-35538.2	0
100000	4.67824e-10	-24667.1	0
110000	4.77695e-12	-58529.3	0
120000	-3.04237e-10	-30918.9	0
130000	6.20534e-10	-32629.6	0
140000	-2.78899e-10	-54768.5	0
150000	2.87435e-10	-26847.3	0
160000	2.1319e-10	-41512.7	0
170000	-3.13317e-10	-47757.4	0
180000	8.52169e-10	-27079.5	0
190000	-2.18449e-11	-47957.1	0
200000	-2.06408e-10	-39169.6	0
210000	6.91994e-10	-32321.5	0
220000	-8.85461e-11	-48998.7	0
230000	3.17219e-10	-32974.6	0
240000	3.3649e-10	-39653	0
250000	-3.44251e-10	-44785.2	0
260000	8.52743e-10	-32036.4	0
270000	7.6959e-11	-44720.3	0
280000	-2.11226e-10	-38749.8	0
290000	5.71098e-10	-35720.6	0
300000	-1.14615e-10	-45087	0
310000	2.83936e-10	-34966.7	0
320000	4.59315e-10	-40578.4	0
330000	-5.19171e-10	-41783.6	0
340000	5.03523e-10	-35199	0
350000	2.82887e-10	-43188.3	0
360000	-2.81555e-10	-37983.2	0
370000	4.74402e-10	-38131.3	0
380000	-2.59235e-11	-42503.2	0
390000	5.0078e-11	-36339.5	0
400000	6.84731e-10	-41008.2	0
410000	-4.60936e-10	-39976.3	0
420000	1.47264e-10	-37298.1	0
430000	5.62373e-10	-41910.7	0
440000	-1.31806e-10	-37881.6	0
450000	4.8737e-10	-39404.3	0
460000	2.09794e-11	-40838.9	0
470000	-1.36183e-10	-37512	0
480000	6.09126e-10	-40861	0
490000	1.80881e-10	-39144.7	0
500000	-2.60997e-10	-38579	0
510000	4.91111e-10	-40873.2	0
520000	-3.98043e-11	-38188.6	0
530000	7.28505e-11	-39894.8	0
540000	4.80881e-10	-39889.1	0
550000	-4.58143e-10	-38396.2	0
560000	4.83945e-10	-40472.8	0
570000	3.41152e-10	-38904.2	0
580000	-4.74392e-10	-39254.7	0
590000	5.35081e-10	-40148.1	0
600000	-2.3677e-10	-38599.6	0
610000	6.67109e-11	-39963.2	0
620000	5.66758e-10	-39432.4	0
630000	-4.11257e-10	-38969.8	0
640000	3.09255e-10	-40079	0
650000	4.09397e-10	-38946	0
660000	-8.8002e-11	-39543.3	0
670000	3.38468e-10	-39710.7	0
680000	2.15549e-10	-38952.9	0
690000	-1.80362e-10	-39857.8	0
700000	6.84256e-10	-39268	0
710000	8.18781e-11	-39291	0
720000	-2.91712e-10	-39777.9	0
730000	7.86447e-10	-39081.5	0
740000	-3.23343e-10	-39620.1	0
750000	2.65906e-10	-39484.8	0
760000	3.73438e-10	-39198.9	0
770000	-4.07285e-10	-39715	0
780000	6.60267e-10	-39249.9	0
790000	1.62927e-10	-39441.7	0
800000	-1.03049e-10	-39584.5	0
810000	4.41848e-10	-39217.5	0
820000	6.53327e-11	-39601.5	0
830000	4.35235e-11	-39391.1	0
840000	6.20977e-10	-39345.5	0
850000	-1.84543e-10	-39593.9	0
860000	8.64349e-11	-39289.1	0
870000	4.4875e-10	-39493.8	0
880000	-2.81141e-10	-39477.6	0
890000	4.26853e-10	-39320	0
900000	2.8289e-10	-39553.2	0
910000	-4.47836e-10	-39368.1	0
920000	6.70248e-10	-39420	0
930000	-5.72703e-11	-39510.7	0
940000	-2.03564e-11	-39339	0
950000	6.38059e-10	-39497.6	0
960000	-3.43394e-10	-39428.4	0
970000	4.07038e-10	-39385	0
980000	3.45332e-10	-39506.2	0
990000	-1.45813e-10	-39376.1	0
1e+06	2.79488e-10	-39450.1	0
1.01e+06	2.94776e-10	-39461.8	0
1.02e+06	-4.41647e-11	-39380.5	0
1.03e+06	6.08583e-10	-39483.1	0
1.04e+06	8.82323e-11	-39412.1	0
1.05e+06	-1.51499e-10	-39420.4	0
1.06e+06	7.66789e-10	-39471.3	0
1.07e+06	-1.28539e-10	-39393.3	0
1.08e+06	2.53298e-10	-39456.9	0
1.09e+06	4.8937e-10	-39437.2	0
1.1e+06	-4.61245e-10	-39408.6	0
1.11e+06	7.31375e-10	-39465.6	0
1.12e+06	6.8906e-11	-39411.6	0
1.13e+06	-3.48876e-10	-39436.5	0
1.14e+06	6.96073e-10	-39449.5	0
1.15e+06	2.32914e-13	-39409.6	0
1.16e+06	2.27779e-10	-39453.6	0
1.17e+06	2.8909e-10	-39427.6	0
1.18e+06	-6.81289e-11	-39424.9	0
1.19e+06	2.78839e-11	-39451.5	0
1.2e+06	6.99008e-10	-39417	0
1.21e+06	-3.64187e-10	-39441.5	0
1.22e+06	3.13802e-10	-39437.8	0
1.23e+06	2.50727e-10	-39421.4	0
1.24e+06	-4.08845e-10	-39447.4	0
1.25e+06	1.0067e-09	-39425.7	0
1.26e+06	-2.5817e-10	-39433	0
1.27e+06	2.07507e-10	-39442	0
1.28e+06	6.68767e-10	-39423.1	0
1.29e+06	-1.88819e-10	-39441.4	0
1.3e+06	5.38304e-10	-39432.6	0
1.31e+06	2.98301e-10	-39428.7	0
1.32e+06	-7.89126e-11	-39441.9	0
1.33e+06	4.5928e-10	-39427	0
1.34e+06	2.83411e-10	-39436.1	0
1.35e+06	-2.13588e-10	-39436.5	0
1.36e+06	5.7412e-10	-39427.9	0
1.37e+06	-1.47152e-10	-39439.5	0
1.38e+06	-7.94073e-11	-39431	0
1.39e+06	4.06875e-10	-39432.6	0
1.4e+06	-2.50854e-10	-39437.8	0
1.41e+06	1.09057e-10	-39429.1	0
1.42e+06	2.60242e-10	-39436.6	0
1.43e+06	-3.81899e-10	-39433.9	0
1.44e+06	3.39828e-10	-39431.1	0
1.45e+06	2.15957e-10	-39437.4	0
1.46e+06	-2.98169e-10	-39431.1	0
1.47e+06	6.81076e-10	-39434.3	0
1.48e+06	-1.26301e-10	-39435.4	0
1.49e+06	-6.29768e-11	-39431.1	0
1.5e+06	5.63109e-10	-39436.1	0
1.51e+06	-2.62372e-10	-39432.9	0
1.52e+06	4.45803e-10	-39432.9	0
1.53e+06	1.49848e-10	-39435.7	0
1.54e+06	-1.8576e-10	-39431.8	0
1.55e+06	4.77712e-10	-39434.8	0
1.56e+06	2.29489e-10	-39434.1	0
1.57e+06	-1.39384e-10	-39432.4	0
1.58e+06	5.99973e-10	-39435.3	0
1.59e+06	1.48529e-10	-39432.8	0
1.6e+06	-9.47824e-12	-39433.8	0
1.61e+06	7.15333e-10	-39434.6	0
1.62e+06	-2.68625e-10	-39432.6	0
1.63e+06	3.50028e-10	-39434.7	0
1.64e+06	6.48209e-10	-39433.6	0
1.65e+06	-9.89388e-11	-39433.3	0
1.66e+06	5.55859e-10	-39434.7	0
1.67e+06	1.44536e-10	-39433	0
1.68e+06	-1.05211e-10	-39434.1	0
1.69e+06	7.15126e-10	-39434	0
1.7e+06	-5.36032e-11	-39433.1	0
1.71e+06	-9.85804e-11	-39434.4	0
1.72e+06	4.17791e-10	-39433.4	0
1.73e+06	-1.41173e-10	-39433.7	0
1.74e+06	2.16069e-10	-39434.2	0
1.75e+06	3.49612e-10	-39433.2	0
1.76e+06	-4.1928e-10	-39434.1	0
1.77e+06	4.68373e-10	-39433.8	0
1.78e+06	2.2774e-10	-39433.5	0
1.79e+06	-3.54752e-10	-39434.2	0
1.8e+06	6.56747e-10	-39433.5	0
1.81e+06	-2.50562e-10	-39433.9	0
1.82e+06	1.45458e-10	-39433.9	0
1.83e+06	5.71437e-10	-39433.5	0
1.84e+06	-5.355e-10	-39434	0
1.85e+06	4.03397e-10	-39433.7	0
1.86e+06	2.99651e-10	-39433.7	0
1.87e+06	-2.02775e-10	-39434	0
1.88e+06	4.16081e-10	-39433.5	0
1.89e+06	1.61617e-11	-39433.9	0
1.9e+06	-5.85223e-12	-39433.8	0
1.91e+06	6.30033e-10	-39433.6	0
1.92e+06	1.02829e-10	-39433.9	0
1.93e+06	5.41777e-11	-39433.7	0
1.94e+06	5.52987e-10	-39433.8	0
1.95e+06	-1.61661e-11	-39433.9	0
1.96e+06	1.91257e-10	-39433.6	0
1.97e+06	6.7712e-10	-39433.9	0
1.98e+06	-5.88378e-10	-39433.7	0
1.99e+06	6.57728e-10	-39433.7	0
2e+06	2.77878e-10	-39433.9	0
2.01e+06	-2.82385e-10	-39433.7	0
2.02e+06	8.1832e-10	-39433.8	0
2.03e+06	-4.31454e-10	-39433.8	0
2.04e+06	4.89854e-10	-39433.7	0
2.05e+06	3.3673e-10	-39433.8	0
2.06e+06	-1.30518e-10	-39433.7	0
2.07e+06	1.82058e-10	-39433.8	0
2.08e+06	3.27333e-10	-39433.8	0
2.09e+06	-3.30692e-11	-39433.7	0
2.1e+06	1.49475e-10	-39433.8	0
2.11e+06	4.38953e-10	-39433.8	0
2.12e+06	-4.554e-10	-39433.7	0
2.13e+06	9.73799e-10	-39433.8	0
2.14e+06	-1.63204e-10	-39433.7	0
2.15e+06	-1.85341e-10	-39433.8	0
2.16e+06	8.83345e-10	-39433.8	0
2.17e+06	-5.91986e-10	-39433.7	0
2.18e+06	6.9869e-10	-39433.8	0
2.19e+06	-2.70545e-12	-39433.8	0
2.2e+06	-3.61478e-10	-39433.8	0
2.21e+06	6.9637e-10	-39433.8	0
2.22e+06	-1.27721e-10	-39433.7	0
2.23e+06	5.56811e-11	-39433.8	0
2.24e+06	1.02824e-11	-39433.8	0
2.25e+06	1.92641e-11	-39433.8	0
2.26e+06	-3.18746e-10	-39433.8	0
2.27e+06	5.64051e-10	-39433.8	0
2.28e+06	-4.057e-10	-39433.8	0
2.29e+06	-7.57186e-12	-39433.8	0
2.3e+06	5.46503e-10	-39433.8	0
2.31e+06	-7.2526e-10	-39433.8	0
2.32e+06	8.07506e-10	-39433.8	0
2.33e+06	-2.81709e-10	-39433.8	0
2.34e+06	-1.67711e-10	-39433.8	0
2.35e+06	6.43181e-10	-39433.8	0
2.36e+06	-2.67188e-10	-39433.8	0
2.37e+06	3.57196e-10	-39433.8	0
2.38e+06	2.45845e-10	-39433.8	0
2.39e+06	-1.53201e-10	-39433.8	0
2.4e+06	2.70844e-10	-39433.8	0
2.41e+06	3.85141e-10	-39433.8	0
2.42e+06	-3.11617e-10	-39433.8	0
2.43e+06	2.50913e-10	-39433.8	0
2.44e+06	5.51162e-11	-39433.8	0
2.45e+06	-3.9664e-10	-39433.8	0
2.46e+06	8.18326e-10	-39433.8	0
2.47e+06	-3.47031e-10	-39433.8	0
2.48e+06	1.50877e-10	-39433.8	0
2.49e+06	4.70189e-10	-39433.8	0
2.5e+06	-4.25693e-10	-39433.8	0
2.51e+06	5.56185e-10	-39433.8	0
2.52e+06	3.08657e-11	-39433.8	0
2.53e+06	-1.01754e-10	-39433.8	0
2.54e+06	4.35482e-10	-39433.8	0
2.55e+06	2.3318e-10	-39433.8	0
2.56e+06	-1.29997e-11	-39433.8	0
2.57e+06	4.93742e-10	-39433.8	0
2.58e+06	4.45592e-11	-39433.8	0
2.59e+06	7.35923e-11	-39433.8	0
2.6e+06	9.08001e-10	-39433.8	0
2.61e+06	-4.52998e-10	-39433.8	0
2.62e+06	4.34249e-10	-39433.8	0
2.63e+06	4.96199e-10	-39433.8	0
2.64e+06	-3.62022e-10	-39433.8	0
2.65e+06	7.44108e-10	-39433.8	0
2.66e+06	-3.99824e-10	-39433.8	0
2.67e+06	-8.72495e-11	-39433.8	0
2.68e+06	3.77389e-10	-39433.8	0
2.69e+06	-4.11935e-10	-39433.8	0
2.7e+06	4.31687e-11	-39433.8	0
2.71e+06	-4.65137e-11	-39433.8	0
2.72e+06	-4.17055e-10	-39433.8	0
2.73e+06	3.30442e-11	-39433.8	0
2.74e+06	4.99645e-11	-39433.8	0
2.75e+06	-6.5658e-10	-39433.8	0
2.76e+06	4.10868e-11	-39433.8	0
2.77e+06	1.66001e-10	-39433.8	0
2.78e+06	-4.96276e-10	-39433.8	0
2.79e+06	6.41841e-10	-39433.8	0
2.8e+06	-6.76275e-10	-39433.8	0
2.81e+06	8.37442e-11	-39433.8	0
2.82e+06	4.8963e-10	-39433.8	0
2.83e+06	-5.78262e-10	-39433.8	0
2.84e+06	2.64113e-10	-39433.8	0
2.85e+06	-5.66777e-11	-39433.8	0
2.86e+06	-2.4912e-10	-39433.8	0
2.87e+06	1.30473e-10	-39433.8	0
2.88e+06	-2.72987e-10	-39433.8	0
2.89e+06	-6.1878e-10	-39433.8	0
2.9e+06	1.79706e-10	-39433.8	0
2.91e+06	-3.61434e-10	-39433.8	0
2.92e+06	-4.1971e-10	-39433.8	0
2.93e+06	6.44136e-11	-39433.8	0
2.94e+06	-8.89283e-10	-39433.8	0
2.95e+06	1.40115e-10	-39433.8	0
2.96e+06	5.38197e-11	-39433.8	0
2.97e+06	-8.98351e-10	-39433.8	0
2.98e+06	1.3825e-10	-39433.8	0
2.99e+06	-5.36166e-10	-39433.8	0
3e+06	-3.15862e-10	-39433.8	0
