[2](-25000,-25000)
[2](0,-5283.12)
[2](25000,-25000)
[2](0,-5283.12)
[2](-25000,25000)
[2](0,-19716.9)
[2](25000,25000)
[2](0,-19716.9)

[2](23122.7,-13456.8)
[2](0,-3583.01)
[2](-23122.7,-21913.7)
[2](0,-5834.73)
[2](23184.5,13456.8)
[2](0,-13456.8)
[2](-23184.5,21913.7)
[2](0,-21913.7)



[2](0,-25000)
[2](0,-5283.12)
[2](0,-25000)
[2](0,-5283.12)
[2](0,25000)
[2](0,-19716.9)
[2](0,25000)
[2](0,-19716.9)

[2](-8.39857e-10,-19761.2)
[2](0,-5261.59)
[2](-6.99017e-11,-19761.2)
[2](0,-5261.59)
[2](9.16546e-10,19761.2)
[2](0,-19761.2)
[2](-6.78714e-12,19761.2)
[2](0,-19761.2)



[2](0,0)
[2](0,-5283.12)
[2](0,0)
[2](0,-5283.12)
[2](0,0)
[2](0,-19716.9)
[2](0,0)
[2](0,-19716.9)

[2](-4.36832e-10,-19600.7)
[2](0,-5251.99)
[2](-1.67926e-10,-19600.7)
[2](0,-5251.99)
[2](2.19033e-10,19600.7)
[2](0,-19600.7)
[2](3.85726e-10,19600.7)
[2](0,-19600.7)
