0	0	0	
0	-100000	-100000	0
1000	-98777	-99082.8	0
2000	-95130.6	-96348.7	0
3000	-89135.3	-91855.2	0
4000	-80916.2	-85699.1	0
5000	-70649.8	-78016.3	0
6000	-58563.7	-68982.5	0
7000	-44937.7	-58813	0
8000	-30102.3	-47761.9	0
9000	-14436.5	-36120	0
10000	1637.42	-24210.6	0
11000	17661.3	-12383.5	0
12000	33152.5	-1005.73	0
13000	47619	9550.09	0
14000	60577.7	18920.4	0
15000	71576.1	26767.6	0
16000	80215.4	32797.2	0
17000	86172.4	36775.6	0
18000	89219.7	38544.6	0
19000	89240.1	38032	0
20000	86234.5	35256.6	0
21000	80321.2	30327.7	0
22000	71728.3	23436.9	0
23000	60778.5	14846.6	0
24000	47869.5	4873.79	0
25000	33451.3	-6128.14	0
26000	18004	-17786.6	0
27000	2016.39	-29726.3	0
28000	-14032	-41583.2	0
29000	-29685.7	-53015.4	0
30000	-44524.3	-63711.1	0
31000	-58170	-73394.3	0
32000	-70292.1	-81827.5	0
33000	-80610.1	-88813.9	0
34000	-88893.9	-94197.2	0
35000	-94964.6	-97861.4	0
36000	-98693.7	-99730.3	0
37000	-100003	-99767.1	0
38000	-98862.7	-97973	0
39000	-95294.6	-94388.2	0
40000	-89369.5	-89090.6	0
41000	-81209.2	-82197.2	0
42000	-70987.5	-73863.4	0
43000	-58930.5	-64283.7	0
44000	-45317.4	-53690.9	0
45000	-30478.9	-42354.8	0
46000	-14795.3	-30579.1	0
47000	1308.73	-18697	0
48000	17372.1	-7063.89	0
49000	32908.9	3952.72	0
50000	47423.7	13985.7	0
51000	60430.6	22683.5	0
52000	71475.1	29727.1	0
53000	80157	34847.6	0
54000	86153.3	37842.4	0
55000	89237.7	38588.4	0
56000	89294.4	37051.1	0
57000	86325.9	33287.3	0
58000	80452.2	27442	0
59000	71901.8	19738.9	0
60000	60997.1	10466.7	0
61000	48134.1	-38.1918	0
62000	33760.7	-11409.2	0
63000	18353.7	-23267.9	0
64000	2398.9	-35239	0
65000	-13627.5	-46964	0
66000	-29272.5	-58111	0
67000	-44117.6	-68381.7	0
68000	-57785.6	-77516	0
69000	-69945.8	-85294.7	0
70000	-80316.2	-91539.9	0
71000	-88664.8	-96115.4	0
72000	-94809.7	-98925.9	0
73000	-98618.9	-99915.8	0
74000	-100010	-99069	0
75000	-98950.6	-96407.8	0
76000	-95457.2	-91992.6	0
77000	-89597.5	-85921.9	0
78000	-81490.4	-78332.2	0
79000	-71307.4	-69398.1	0
80000	-59273.3	-59331.9	0
81000	-45666.7	-48382.9	0
82000	-30819.3	-36835.2	0
83000	-15112.9	-25003.9	0
84000	1025.25	-13230.1	0
85000	17130.9	-1872.18	0
86000	32714.8	8704.41	0
87000	47278	18140.9	0
88000	60332.1	26100.9	0
89000	71420.5	32286.9	0
90000	80142.3	36458	0
91000	86174.8	38444.4	0
92000	89292.9	38159.8	0
93000	89382.6	35607.8	0
94000	86448.2	30882.4	0
95000	80611.1	24163.2	0
96000	72100.2	15703.6	0
97000	61237.6	5816.05	0
98000	48417.5	-5146.15	0
99000	34085.3	-16806.7	0
100000	18715	-28784	0
