0	0	0	
0	-0	-100000	0
1000	1.82871e-17	-99083	0
2000	-3.4235e-16	-96351.6	0
3000	-2.37862e-15	-91869.6	0
4000	-6.4138e-15	-85742.7	0
5000	-1.40145e-14	-78116.9	0
6000	-2.78345e-14	-69176.4	0
7000	-4.85249e-14	-59141	0
8000	-7.41701e-14	-48262.3	0
9000	-1.00039e-13	-36818.9	0
10000	-1.37011e-13	-25110.5	0
11000	-2.05419e-13	-13451.1	0
12000	-3.26737e-13	-2160.77	0
13000	-5.18484e-13	8443.42	0
14000	-7.77856e-13	18057.1	0
15000	-1.07825e-12	26398.8	0
16000	-1.38885e-12	33219.9	0
17000	-1.69191e-12	38314.1	0
18000	-1.98155e-12	41525.5	0
19000	-2.25747e-12	42755.1	0
20000	-2.52394e-12	41964.7	0
21000	-2.7964e-12	39178.9	0
22000	-3.10107e-12	34483.6	0
23000	-3.47436e-12	28022.9	0
24000	-3.95923e-12	19992.8	0
25000	-4.60211e-12	10633.3	0
26000	-5.45646e-12	219.638	0
27000	-6.60114e-12	-10947.9	0
28000	-8.14147e-12	-22554.2	0
29000	-1.01761e-11	-34279.1	0
30000	-1.27891e-11	-45806.4	0
31000	-1.60407e-11	-56832.7	0
32000	-1.99671e-11	-67074.3	0
33000	-2.45962e-11	-76273.3	0
34000	-2.99441e-11	-84202.5	0
35000	-3.60152e-11	-90669.8	0
36000	-4.28122e-11	-95520.5	0
37000	-5.03335e-11	-98640.2	0
38000	-5.85707e-11	-99955.8	0
39000	-6.75087e-11	-99436.6	0
40000	-7.71249e-11	-97094.8	0
41000	-8.7388e-11	-92985	0
42000	-9.82581e-11	-87203.8	0
43000	-1.09686e-10	-79888.8	0
44000	-1.21612e-10	-71216	0
45000	-1.33955e-10	-61397.8	0
46000	-1.4661e-10	-50679.4	0
47000	-1.59444e-10	-39333.7	0
48000	-1.72295e-10	-27656.7	0
49000	-1.84965e-10	-15959.7	0
50000	-1.97208e-10	-4562.28	0
51000	-2.08744e-10	6217.04	0
52000	-2.19295e-10	16070.3	0
53000	-2.28589e-10	24710.1	0
54000	-2.36352e-10	31880	0
55000	-2.42334e-10	37363.8	0
56000	-2.46321e-10	40994	0
57000	-2.48151e-10	42658.7	0
58000	-2.47725e-10	42306.5	0
59000	-2.4502e-10	39948.3	0
60000	-2.40089e-10	35656.9	0
61000	-2.33064e-10	29564.3	0
62000	-2.24135e-10	21855.6	0
63000	-2.13534e-10	12762.2	0
64000	-2.01523e-10	2552.55	0
65000	-1.88383e-10	-8477.78	0
66000	-1.74395e-10	-20016	0
67000	-1.59824e-10	-31742.1	0
68000	-1.44898e-10	-43338.4	0
69000	-1.2981e-10	-54498.1	0
70000	-1.14727e-10	-64932.7	0
71000	-9.9798e-11	-74378.1	0
72000	-8.51582e-11	-82600.2	0
73000	-7.09229e-11	-89399	0
74000	-5.71877e-11	-94611.4	0
75000	-4.40229e-11	-98114.2	0
76000	-3.14826e-11	-99825.1	0
77000	-1.96061e-11	-99704.4	0
78000	-8.41895e-12	-97754.7	0
79000	2.0654e-12	-94021.6	0
80000	1.18464e-11	-88592.8	0
81000	2.09355e-11	-81596.9	0
82000	2.93559e-11	-73201.8	0
83000	3.71387e-11	-63612.5	0
84000	4.43198e-11	-53067.1	0
85000	5.09453e-11	-41833.2	0
86000	5.70834e-11	-30202.1	0
87000	6.28254e-11	-18482.6	0
88000	6.8265e-11	-6993.12	0
89000	7.34882e-11	3946.81	0
90000	7.85634e-11	14026.1	0
91000	8.3541e-11	22952	0
92000	8.84563e-11	30460.6	0
93000	9.33153e-11	36326	0
94000	9.80876e-11	40369.7	0
95000	1.02703e-10	42467.2	0
96000	1.07055e-10	42553.8	0
97000	1.11005e-10	40626.6	0
98000	1.14385e-10	36745.4	0
99000	1.17009e-10	31029.5	0
100000	1.18676e-10	23653.3	0
