0.211325	0.211325	0	
0	0	0	0
1000	2.06926e-12	-49442.3	0
2000	9.71316e-12	-49752.3	0
3000	7.69562e-12	-49752.3	0
4000	9.9905e-12	-49752.3	0
5000	8.49978e-12	-49752.3	0
6000	3.0915e-12	-49752.3	0
7000	2.69775e-12	-49752.3	0
8000	-1.35809e-11	-49752.3	0
9000	-6.41772e-12	-49752.3	0
10000	-9.5944e-12	-49752.3	0
11000	-9.30693e-12	-49752.3	0
12000	-9.14327e-12	-49752.3	0
13000	-9.12692e-12	-49752.3	0
14000	-9.12785e-12	-49752.3	0
15000	-9.12783e-12	-49752.3	0
16000	-9.12777e-12	-49752.3	0
17000	-9.12779e-12	-49752.3	0
18000	-9.12779e-12	-49752.3	0
19000	-9.12779e-12	-49752.3	0
20000	-9.12779e-12	-49752.3	0
21000	-9.12779e-12	-49752.3	0
22000	-9.12779e-12	-49752.3	0
23000	-9.12779e-12	-49752.3	0
24000	-9.12779e-12	-49752.3	0
25000	-9.12779e-12	-49752.3	0
26000	-9.12779e-12	-49752.3	0
27000	-9.12779e-12	-49752.3	0
28000	-9.12779e-12	-49752.3	0
29000	-9.12779e-12	-49752.3	0
30000	-9.12779e-12	-49752.3	0
31000	-9.12779e-12	-49752.3	0
32000	-9.12779e-12	-49752.3	0
33000	-9.12779e-12	-49752.3	0
34000	-9.12779e-12	-49752.3	0
35000	-9.12779e-12	-49752.3	0
36000	-9.12779e-12	-49752.3	0
37000	-9.12779e-12	-49752.3	0
38000	-9.12779e-12	-49752.3	0
39000	-9.12779e-12	-49752.3	0
40000	-9.12779e-12	-49752.3	0
41000	-9.12779e-12	-49752.3	0
42000	-9.12779e-12	-49752.3	0
43000	-9.12779e-12	-49752.3	0
44000	-9.12779e-12	-49752.3	0
45000	-9.12779e-12	-49752.3	0
46000	-9.12779e-12	-49752.3	0
47000	-9.12779e-12	-49752.3	0
48000	-9.12779e-12	-49752.3	0
49000	-9.12779e-12	-49752.3	0
50000	-9.12779e-12	-49752.3	0
51000	-9.12779e-12	-49752.3	0
52000	-9.12779e-12	-49752.3	0
53000	-9.12779e-12	-49752.3	0
54000	-9.12779e-12	-49752.3	0
55000	-9.12779e-12	-49752.3	0
56000	-9.12779e-12	-49752.3	0
57000	-9.12779e-12	-49752.3	0
58000	-9.12779e-12	-49752.3	0
59000	-9.12779e-12	-49752.3	0
60000	-9.12779e-12	-49752.3	0
61000	-9.12779e-12	-49752.3	0
62000	-9.12779e-12	-49752.3	0
63000	-9.12779e-12	-49752.3	0
64000	-9.12779e-12	-49752.3	0
65000	-9.12779e-12	-49752.3	0
66000	-9.12779e-12	-49752.3	0
67000	-9.12779e-12	-49752.3	0
68000	-9.12779e-12	-49752.3	0
69000	-9.12779e-12	-49752.3	0
70000	-9.12779e-12	-49752.3	0
71000	-9.12779e-12	-49752.3	0
72000	-9.12779e-12	-49752.3	0
73000	-9.12779e-12	-49752.3	0
74000	-9.12779e-12	-49752.3	0
75000	-9.12779e-12	-49752.3	0
76000	-9.12779e-12	-49752.3	0
77000	-9.12779e-12	-49752.3	0
78000	-9.12779e-12	-49752.3	0
79000	-9.12779e-12	-49752.3	0
80000	-9.12779e-12	-49752.3	0
81000	-9.12779e-12	-49752.3	0
82000	-9.12779e-12	-49752.3	0
83000	-9.12779e-12	-49752.3	0
84000	-9.12779e-12	-49752.3	0
85000	-9.12779e-12	-49752.3	0
86000	-9.12779e-12	-49752.3	0
87000	-9.12779e-12	-49752.3	0
88000	-9.12779e-12	-49752.3	0
89000	-9.12779e-12	-49752.3	0
90000	-9.12779e-12	-49752.3	0
91000	-9.12779e-12	-49752.3	0
92000	-9.12779e-12	-49752.3	0
93000	-9.12779e-12	-49752.3	0
94000	-9.12779e-12	-49752.3	0
95000	-9.12779e-12	-49752.3	0
96000	-9.12779e-12	-49752.3	0
97000	-9.12779e-12	-49752.3	0
98000	-9.12779e-12	-49752.3	0
99000	-9.12779e-12	-49752.3	0
100000	-9.12779e-12	-49752.3	0
101000	-9.12779e-12	-49752.3	0
102000	-9.12779e-12	-49752.3	0
103000	-9.12779e-12	-49752.3	0
104000	-9.12779e-12	-49752.3	0
105000	-9.12779e-12	-49752.3	0
106000	-9.12779e-12	-49752.3	0
107000	-9.12779e-12	-49752.3	0
108000	-9.12779e-12	-49752.3	0
109000	-9.12779e-12	-49752.3	0
110000	-9.12779e-12	-49752.3	0
111000	-9.12779e-12	-49752.3	0
112000	-9.12779e-12	-49752.3	0
113000	-9.12779e-12	-49752.3	0
114000	-9.12779e-12	-49752.3	0
115000	-9.12779e-12	-49752.3	0
116000	-9.12779e-12	-49752.3	0
117000	-9.12779e-12	-49752.3	0
118000	-9.12779e-12	-49752.3	0
119000	-9.12779e-12	-49752.3	0
120000	-9.12779e-12	-49752.3	0
121000	-9.12779e-12	-49752.3	0
122000	-9.12779e-12	-49752.3	0
123000	-9.12779e-12	-49752.3	0
124000	-9.12779e-12	-49752.3	0
125000	-9.12779e-12	-49752.3	0
126000	-9.12779e-12	-49752.3	0
127000	-9.12779e-12	-49752.3	0
128000	-9.12779e-12	-49752.3	0
129000	-9.12779e-12	-49752.3	0
130000	-9.12779e-12	-49752.3	0
131000	-9.12779e-12	-49752.3	0
132000	-9.12779e-12	-49752.3	0
133000	-9.12779e-12	-49752.3	0
134000	-9.12779e-12	-49752.3	0
135000	-9.12779e-12	-49752.3	0
136000	-9.12779e-12	-49752.3	0
137000	-9.12779e-12	-49752.3	0
138000	-9.12779e-12	-49752.3	0
139000	-9.12779e-12	-49752.3	0
140000	-9.12779e-12	-49752.3	0
141000	-9.12779e-12	-49752.3	0
142000	-9.12779e-12	-49752.3	0
143000	-9.12779e-12	-49752.3	0
144000	-9.12779e-12	-49752.3	0
145000	-9.12779e-12	-49752.3	0
146000	-9.12779e-12	-49752.3	0
147000	-9.12779e-12	-49752.3	0
148000	-9.12779e-12	-49752.3	0
149000	-9.12779e-12	-49752.3	0
150000	-9.12779e-12	-49752.3	0
151000	-9.12779e-12	-49752.3	0
152000	-9.12779e-12	-49752.3	0
153000	-9.12779e-12	-49752.3	0
154000	-9.12779e-12	-49752.3	0
155000	-9.12779e-12	-49752.3	0
156000	-9.12779e-12	-49752.3	0
157000	-9.12779e-12	-49752.3	0
158000	-9.12779e-12	-49752.3	0
159000	-9.12779e-12	-49752.3	0
160000	-9.12779e-12	-49752.3	0
161000	-9.12779e-12	-49752.3	0
162000	-9.12779e-12	-49752.3	0
163000	-9.12779e-12	-49752.3	0
164000	-9.12779e-12	-49752.3	0
165000	-9.12779e-12	-49752.3	0
166000	-9.12779e-12	-49752.3	0
167000	-9.12779e-12	-49752.3	0
168000	-9.12779e-12	-49752.3	0
169000	-9.12779e-12	-49752.3	0
170000	-9.12779e-12	-49752.3	0
171000	-9.12779e-12	-49752.3	0
172000	-9.12779e-12	-49752.3	0
173000	-9.12779e-12	-49752.3	0
174000	-9.12779e-12	-49752.3	0
175000	-9.12779e-12	-49752.3	0
176000	-9.12779e-12	-49752.3	0
177000	-9.12779e-12	-49752.3	0
178000	-9.12779e-12	-49752.3	0
179000	-9.12779e-12	-49752.3	0
180000	-9.12779e-12	-49752.3	0
181000	-9.12779e-12	-49752.3	0
182000	-9.12779e-12	-49752.3	0
183000	-9.12779e-12	-49752.3	0
184000	-9.12779e-12	-49752.3	0
185000	-9.12779e-12	-49752.3	0
186000	-9.12779e-12	-49752.3	0
187000	-9.12779e-12	-49752.3	0
188000	-9.12779e-12	-49752.3	0
189000	-9.12779e-12	-49752.3	0
190000	-9.12779e-12	-49752.3	0
191000	-9.12779e-12	-49752.3	0
192000	-9.12779e-12	-49752.3	0
193000	-9.12779e-12	-49752.3	0
194000	-9.12779e-12	-49752.3	0
195000	-9.12779e-12	-49752.3	0
196000	-9.12779e-12	-49752.3	0
197000	-9.12779e-12	-49752.3	0
198000	-9.12779e-12	-49752.3	0
199000	-9.12779e-12	-49752.3	0
200000	-9.12779e-12	-49752.3	0
201000	-9.12779e-12	-49752.3	0
202000	-9.12779e-12	-49752.3	0
203000	-9.12779e-12	-49752.3	0
204000	-9.12779e-12	-49752.3	0
205000	-9.12779e-12	-49752.3	0
206000	-9.12779e-12	-49752.3	0
207000	-9.12779e-12	-49752.3	0
208000	-9.12779e-12	-49752.3	0
209000	-9.12779e-12	-49752.3	0
210000	-9.12779e-12	-49752.3	0
211000	-9.12779e-12	-49752.3	0
212000	-9.12779e-12	-49752.3	0
213000	-9.12779e-12	-49752.3	0
214000	-9.12779e-12	-49752.3	0
215000	-9.12779e-12	-49752.3	0
216000	-9.12779e-12	-49752.3	0
217000	-9.12779e-12	-49752.3	0
218000	-9.12779e-12	-49752.3	0
219000	-9.12779e-12	-49752.3	0
220000	-9.12779e-12	-49752.3	0
221000	-9.12779e-12	-49752.3	0
222000	-9.12779e-12	-49752.3	0
223000	-9.12779e-12	-49752.3	0
224000	-9.12779e-12	-49752.3	0
225000	-9.12779e-12	-49752.3	0
226000	-9.12779e-12	-49752.3	0
227000	-9.12779e-12	-49752.3	0
228000	-9.12779e-12	-49752.3	0
229000	-9.12779e-12	-49752.3	0
230000	-9.12779e-12	-49752.3	0
231000	-9.12779e-12	-49752.3	0
232000	-9.12779e-12	-49752.3	0
233000	-9.12779e-12	-49752.3	0
234000	-9.12779e-12	-49752.3	0
235000	-9.12779e-12	-49752.3	0
236000	-9.12779e-12	-49752.3	0
237000	-9.12779e-12	-49752.3	0
238000	-9.12779e-12	-49752.3	0
239000	-9.12779e-12	-49752.3	0
240000	-9.12779e-12	-49752.3	0
241000	-9.12779e-12	-49752.3	0
242000	-9.12779e-12	-49752.3	0
243000	-9.12779e-12	-49752.3	0
244000	-9.12779e-12	-49752.3	0
245000	-9.12779e-12	-49752.3	0
246000	-9.12779e-12	-49752.3	0
247000	-9.12779e-12	-49752.3	0
248000	-9.12779e-12	-49752.3	0
249000	-9.12779e-12	-49752.3	0
250000	-9.12779e-12	-49752.3	0
251000	-9.12779e-12	-49752.3	0
252000	-9.12779e-12	-49752.3	0
253000	-9.12779e-12	-49752.3	0
254000	-9.12779e-12	-49752.3	0
255000	-9.12779e-12	-49752.3	0
256000	-9.12779e-12	-49752.3	0
257000	-9.12779e-12	-49752.3	0
258000	-9.12779e-12	-49752.3	0
259000	-9.12779e-12	-49752.3	0
260000	-9.12779e-12	-49752.3	0
261000	-9.12779e-12	-49752.3	0
262000	-9.12779e-12	-49752.3	0
263000	-9.12779e-12	-49752.3	0
264000	-9.12779e-12	-49752.3	0
265000	-9.12779e-12	-49752.3	0
266000	-9.12779e-12	-49752.3	0
267000	-9.12779e-12	-49752.3	0
268000	-9.12779e-12	-49752.3	0
269000	-9.12779e-12	-49752.3	0
270000	-9.12779e-12	-49752.3	0
271000	-9.12779e-12	-49752.3	0
272000	-9.12779e-12	-49752.3	0
273000	-9.12779e-12	-49752.3	0
274000	-9.12779e-12	-49752.3	0
275000	-9.12779e-12	-49752.3	0
276000	-9.12779e-12	-49752.3	0
277000	-9.12779e-12	-49752.3	0
278000	-9.12779e-12	-49752.3	0
279000	-9.12779e-12	-49752.3	0
280000	-9.12779e-12	-49752.3	0
281000	-9.12779e-12	-49752.3	0
282000	-9.12779e-12	-49752.3	0
283000	-9.12779e-12	-49752.3	0
284000	-9.12779e-12	-49752.3	0
285000	-9.12779e-12	-49752.3	0
286000	-9.12779e-12	-49752.3	0
287000	-9.12779e-12	-49752.3	0
288000	-9.12779e-12	-49752.3	0
289000	-9.12779e-12	-49752.3	0
290000	-9.12779e-12	-49752.3	0
291000	-9.12779e-12	-49752.3	0
292000	-9.12779e-12	-49752.3	0
293000	-9.12779e-12	-49752.3	0
294000	-9.12779e-12	-49752.3	0
295000	-9.12779e-12	-49752.3	0
296000	-9.12779e-12	-49752.3	0
297000	-9.12779e-12	-49752.3	0
298000	-9.12779e-12	-49752.3	0
299000	-9.12779e-12	-49752.3	0
300000	-9.12779e-12	-49752.3	0
301000	-9.12779e-12	-49752.3	0
302000	-9.12779e-12	-49752.3	0
303000	-9.12779e-12	-49752.3	0
304000	-9.12779e-12	-49752.3	0
305000	-9.12779e-12	-49752.3	0
306000	-9.12779e-12	-49752.3	0
307000	-9.12779e-12	-49752.3	0
308000	-9.12779e-12	-49752.3	0
309000	-9.12779e-12	-49752.3	0
310000	-9.12779e-12	-49752.3	0
311000	-9.12779e-12	-49752.3	0
312000	-9.12779e-12	-49752.3	0
313000	-9.12779e-12	-49752.3	0
314000	-9.12779e-12	-49752.3	0
315000	-9.12779e-12	-49752.3	0
316000	-9.12779e-12	-49752.3	0
317000	-9.12779e-12	-49752.3	0
318000	-9.12779e-12	-49752.3	0
319000	-9.12779e-12	-49752.3	0
320000	-9.12779e-12	-49752.3	0
321000	-9.12779e-12	-49752.3	0
322000	-9.12779e-12	-49752.3	0
323000	-9.12779e-12	-49752.3	0
324000	-9.12779e-12	-49752.3	0
325000	-9.12779e-12	-49752.3	0
326000	-9.12779e-12	-49752.3	0
327000	-9.12779e-12	-49752.3	0
328000	-9.12779e-12	-49752.3	0
329000	-9.12779e-12	-49752.3	0
330000	-9.12779e-12	-49752.3	0
331000	-9.12779e-12	-49752.3	0
332000	-9.12779e-12	-49752.3	0
333000	-9.12779e-12	-49752.3	0
334000	-9.12779e-12	-49752.3	0
335000	-9.12779e-12	-49752.3	0
336000	-9.12779e-12	-49752.3	0
337000	-9.12779e-12	-49752.3	0
338000	-9.12779e-12	-49752.3	0
339000	-9.12779e-12	-49752.3	0
340000	-9.12779e-12	-49752.3	0
341000	-9.12779e-12	-49752.3	0
342000	-9.12779e-12	-49752.3	0
343000	-9.12779e-12	-49752.3	0
344000	-9.12779e-12	-49752.3	0
345000	-9.12779e-12	-49752.3	0
346000	-9.12779e-12	-49752.3	0
347000	-9.12779e-12	-49752.3	0
348000	-9.12779e-12	-49752.3	0
349000	-9.12779e-12	-49752.3	0
350000	-9.12779e-12	-49752.3	0
351000	-9.12779e-12	-49752.3	0
352000	-9.12779e-12	-49752.3	0
353000	-9.12779e-12	-49752.3	0
354000	-9.12779e-12	-49752.3	0
355000	-9.12779e-12	-49752.3	0
356000	-9.12779e-12	-49752.3	0
357000	-9.12779e-12	-49752.3	0
358000	-9.12779e-12	-49752.3	0
359000	-9.12779e-12	-49752.3	0
360000	-9.12779e-12	-49752.3	0
361000	-9.12779e-12	-49752.3	0
362000	-9.12779e-12	-49752.3	0
363000	-9.12779e-12	-49752.3	0
364000	-9.12779e-12	-49752.3	0
365000	-9.12779e-12	-49752.3	0
366000	-9.12779e-12	-49752.3	0
367000	-9.12779e-12	-49752.3	0
368000	-9.12779e-12	-49752.3	0
369000	-9.12779e-12	-49752.3	0
370000	-9.12779e-12	-49752.3	0
371000	-9.12779e-12	-49752.3	0
372000	-9.12779e-12	-49752.3	0
373000	-9.12779e-12	-49752.3	0
374000	-9.12779e-12	-49752.3	0
375000	-9.12779e-12	-49752.3	0
376000	-9.12779e-12	-49752.3	0
377000	-9.12779e-12	-49752.3	0
378000	-9.12779e-12	-49752.3	0
379000	-9.12779e-12	-49752.3	0
380000	-9.12779e-12	-49752.3	0
381000	-9.12779e-12	-49752.3	0
382000	-9.12779e-12	-49752.3	0
383000	-9.12779e-12	-49752.3	0
384000	-9.12779e-12	-49752.3	0
385000	-9.12779e-12	-49752.3	0
386000	-9.12779e-12	-49752.3	0
387000	-9.12779e-12	-49752.3	0
388000	-9.12779e-12	-49752.3	0
389000	-9.12779e-12	-49752.3	0
390000	-9.12779e-12	-49752.3	0
391000	-9.12779e-12	-49752.3	0
392000	-9.12779e-12	-49752.3	0
393000	-9.12779e-12	-49752.3	0
394000	-9.12779e-12	-49752.3	0
395000	-9.12779e-12	-49752.3	0
396000	-9.12779e-12	-49752.3	0
397000	-9.12779e-12	-49752.3	0
398000	-9.12779e-12	-49752.3	0
399000	-9.12779e-12	-49752.3	0
400000	-9.12779e-12	-49752.3	0
401000	-9.12779e-12	-49752.3	0
402000	-9.12779e-12	-49752.3	0
403000	-9.12779e-12	-49752.3	0
404000	-9.12779e-12	-49752.3	0
405000	-9.12779e-12	-49752.3	0
406000	-9.12779e-12	-49752.3	0
407000	-9.12779e-12	-49752.3	0
408000	-9.12779e-12	-49752.3	0
409000	-9.12779e-12	-49752.3	0
410000	-9.12779e-12	-49752.3	0
411000	-9.12779e-12	-49752.3	0
412000	-9.12779e-12	-49752.3	0
413000	-9.12779e-12	-49752.3	0
414000	-9.12779e-12	-49752.3	0
415000	-9.12779e-12	-49752.3	0
416000	-9.12779e-12	-49752.3	0
417000	-9.12779e-12	-49752.3	0
418000	-9.12779e-12	-49752.3	0
419000	-9.12779e-12	-49752.3	0
420000	-9.12779e-12	-49752.3	0
421000	-9.12779e-12	-49752.3	0
422000	-9.12779e-12	-49752.3	0
423000	-9.12779e-12	-49752.3	0
424000	-9.12779e-12	-49752.3	0
425000	-9.12779e-12	-49752.3	0
426000	-9.12779e-12	-49752.3	0
427000	-9.12779e-12	-49752.3	0
428000	-9.12779e-12	-49752.3	0
429000	-9.12779e-12	-49752.3	0
430000	-9.12779e-12	-49752.3	0
431000	-9.12779e-12	-49752.3	0
432000	-9.12779e-12	-49752.3	0
433000	-9.12779e-12	-49752.3	0
434000	-9.12779e-12	-49752.3	0
435000	-9.12779e-12	-49752.3	0
436000	-9.12779e-12	-49752.3	0
437000	-9.12779e-12	-49752.3	0
438000	-9.12779e-12	-49752.3	0
439000	-9.12779e-12	-49752.3	0
440000	-9.12779e-12	-49752.3	0
441000	-9.12779e-12	-49752.3	0
442000	-9.12779e-12	-49752.3	0
443000	-9.12779e-12	-49752.3	0
444000	-9.12779e-12	-49752.3	0
445000	-9.12779e-12	-49752.3	0
446000	-9.12779e-12	-49752.3	0
447000	-9.12779e-12	-49752.3	0
448000	-9.12779e-12	-49752.3	0
449000	-9.12779e-12	-49752.3	0
450000	-9.12779e-12	-49752.3	0
451000	-9.12779e-12	-49752.3	0
452000	-9.12779e-12	-49752.3	0
453000	-9.12779e-12	-49752.3	0
454000	-9.12779e-12	-49752.3	0
455000	-9.12779e-12	-49752.3	0
456000	-9.12779e-12	-49752.3	0
457000	-9.12779e-12	-49752.3	0
458000	-9.12779e-12	-49752.3	0
459000	-9.12779e-12	-49752.3	0
460000	-9.12779e-12	-49752.3	0
461000	-9.12779e-12	-49752.3	0
462000	-9.12779e-12	-49752.3	0
463000	-9.12779e-12	-49752.3	0
464000	-9.12779e-12	-49752.3	0
465000	-9.12779e-12	-49752.3	0
466000	-9.12779e-12	-49752.3	0
467000	-9.12779e-12	-49752.3	0
468000	-9.12779e-12	-49752.3	0
469000	-9.12779e-12	-49752.3	0
470000	-9.12779e-12	-49752.3	0
471000	-9.12779e-12	-49752.3	0
472000	-9.12779e-12	-49752.3	0
473000	-9.12779e-12	-49752.3	0
474000	-9.12779e-12	-49752.3	0
475000	-9.12779e-12	-49752.3	0
476000	-9.12779e-12	-49752.3	0
477000	-9.12779e-12	-49752.3	0
478000	-9.12779e-12	-49752.3	0
479000	-9.12779e-12	-49752.3	0
480000	-9.12779e-12	-49752.3	0
481000	-9.12779e-12	-49752.3	0
482000	-9.12779e-12	-49752.3	0
483000	-9.12779e-12	-49752.3	0
484000	-9.12779e-12	-49752.3	0
485000	-9.12779e-12	-49752.3	0
486000	-9.12779e-12	-49752.3	0
487000	-9.12779e-12	-49752.3	0
488000	-9.12779e-12	-49752.3	0
489000	-9.12779e-12	-49752.3	0
490000	-9.12779e-12	-49752.3	0
491000	-9.12779e-12	-49752.3	0
492000	-9.12779e-12	-49752.3	0
493000	-9.12779e-12	-49752.3	0
494000	-9.12779e-12	-49752.3	0
495000	-9.12779e-12	-49752.3	0
496000	-9.12779e-12	-49752.3	0
497000	-9.12779e-12	-49752.3	0
498000	-9.12779e-12	-49752.3	0
499000	-9.12779e-12	-49752.3	0
500000	-9.12779e-12	-49752.3	0
501000	-9.12779e-12	-49752.3	0
502000	-9.12779e-12	-49752.3	0
503000	-9.12779e-12	-49752.3	0
504000	-9.12779e-12	-49752.3	0
505000	-9.12779e-12	-49752.3	0
506000	-9.12779e-12	-49752.3	0
507000	-9.12779e-12	-49752.3	0
508000	-9.12779e-12	-49752.3	0
509000	-9.12779e-12	-49752.3	0
510000	-9.12779e-12	-49752.3	0
511000	-9.12779e-12	-49752.3	0
512000	-9.12779e-12	-49752.3	0
513000	-9.12779e-12	-49752.3	0
514000	-9.12779e-12	-49752.3	0
515000	-9.12779e-12	-49752.3	0
516000	-9.12779e-12	-49752.3	0
517000	-9.12779e-12	-49752.3	0
518000	-9.12779e-12	-49752.3	0
519000	-9.12779e-12	-49752.3	0
520000	-9.12779e-12	-49752.3	0
521000	-9.12779e-12	-49752.3	0
522000	-9.12779e-12	-49752.3	0
523000	-9.12779e-12	-49752.3	0
524000	-9.12779e-12	-49752.3	0
525000	-9.12779e-12	-49752.3	0
526000	-9.12779e-12	-49752.3	0
527000	-9.12779e-12	-49752.3	0
528000	-9.12779e-12	-49752.3	0
529000	-9.12779e-12	-49752.3	0
530000	-9.12779e-12	-49752.3	0
531000	-9.12779e-12	-49752.3	0
532000	-9.12779e-12	-49752.3	0
533000	-9.12779e-12	-49752.3	0
534000	-9.12779e-12	-49752.3	0
535000	-9.12779e-12	-49752.3	0
536000	-9.12779e-12	-49752.3	0
537000	-9.12779e-12	-49752.3	0
538000	-9.12779e-12	-49752.3	0
539000	-9.12779e-12	-49752.3	0
540000	-9.12779e-12	-49752.3	0
541000	-9.12779e-12	-49752.3	0
542000	-9.12779e-12	-49752.3	0
543000	-9.12779e-12	-49752.3	0
544000	-9.12779e-12	-49752.3	0
545000	-9.12779e-12	-49752.3	0
546000	-9.12779e-12	-49752.3	0
547000	-9.12779e-12	-49752.3	0
548000	-9.12779e-12	-49752.3	0
549000	-9.12779e-12	-49752.3	0
550000	-9.12779e-12	-49752.3	0
551000	-9.12779e-12	-49752.3	0
552000	-9.12779e-12	-49752.3	0
553000	-9.12779e-12	-49752.3	0
554000	-9.12779e-12	-49752.3	0
555000	-9.12779e-12	-49752.3	0
556000	-9.12779e-12	-49752.3	0
557000	-9.12779e-12	-49752.3	0
558000	-9.12779e-12	-49752.3	0
559000	-9.12779e-12	-49752.3	0
560000	-9.12779e-12	-49752.3	0
561000	-9.12779e-12	-49752.3	0
562000	-9.12779e-12	-49752.3	0
563000	-9.12779e-12	-49752.3	0
564000	-9.12779e-12	-49752.3	0
565000	-9.12779e-12	-49752.3	0
566000	-9.12779e-12	-49752.3	0
567000	-9.12779e-12	-49752.3	0
568000	-9.12779e-12	-49752.3	0
569000	-9.12779e-12	-49752.3	0
570000	-9.12779e-12	-49752.3	0
571000	-9.12779e-12	-49752.3	0
572000	-9.12779e-12	-49752.3	0
573000	-9.12779e-12	-49752.3	0
574000	-9.12779e-12	-49752.3	0
575000	-9.12779e-12	-49752.3	0
576000	-9.12779e-12	-49752.3	0
577000	-9.12779e-12	-49752.3	0
578000	-9.12779e-12	-49752.3	0
579000	-9.12779e-12	-49752.3	0
580000	-9.12779e-12	-49752.3	0
581000	-9.12779e-12	-49752.3	0
582000	-9.12779e-12	-49752.3	0
583000	-9.12779e-12	-49752.3	0
584000	-9.12779e-12	-49752.3	0
585000	-9.12779e-12	-49752.3	0
586000	-9.12779e-12	-49752.3	0
587000	-9.12779e-12	-49752.3	0
588000	-9.12779e-12	-49752.3	0
589000	-9.12779e-12	-49752.3	0
590000	-9.12779e-12	-49752.3	0
591000	-9.12779e-12	-49752.3	0
592000	-9.12779e-12	-49752.3	0
593000	-9.12779e-12	-49752.3	0
594000	-9.12779e-12	-49752.3	0
595000	-9.12779e-12	-49752.3	0
596000	-9.12779e-12	-49752.3	0
597000	-9.12779e-12	-49752.3	0
598000	-9.12779e-12	-49752.3	0
599000	-9.12779e-12	-49752.3	0
600000	-9.12779e-12	-49752.3	0
601000	-9.12779e-12	-49752.3	0
602000	-9.12779e-12	-49752.3	0
603000	-9.12779e-12	-49752.3	0
604000	-9.12779e-12	-49752.3	0
605000	-9.12779e-12	-49752.3	0
606000	-9.12779e-12	-49752.3	0
607000	-9.12779e-12	-49752.3	0
608000	-9.12779e-12	-49752.3	0
609000	-9.12779e-12	-49752.3	0
610000	-9.12779e-12	-49752.3	0
611000	-9.12779e-12	-49752.3	0
612000	-9.12779e-12	-49752.3	0
613000	-9.12779e-12	-49752.3	0
614000	-9.12779e-12	-49752.3	0
615000	-9.12779e-12	-49752.3	0
616000	-9.12779e-12	-49752.3	0
617000	-9.12779e-12	-49752.3	0
618000	-9.12779e-12	-49752.3	0
619000	-9.12779e-12	-49752.3	0
620000	-9.12779e-12	-49752.3	0
621000	-9.12779e-12	-49752.3	0
622000	-9.12779e-12	-49752.3	0
623000	-9.12779e-12	-49752.3	0
624000	-9.12779e-12	-49752.3	0
625000	-9.12779e-12	-49752.3	0
626000	-9.12779e-12	-49752.3	0
627000	-9.12779e-12	-49752.3	0
628000	-9.12779e-12	-49752.3	0
629000	-9.12779e-12	-49752.3	0
630000	-9.12779e-12	-49752.3	0
631000	-9.12779e-12	-49752.3	0
632000	-9.12779e-12	-49752.3	0
633000	-9.12779e-12	-49752.3	0
634000	-9.12779e-12	-49752.3	0
635000	-9.12779e-12	-49752.3	0
636000	-9.12779e-12	-49752.3	0
637000	-9.12779e-12	-49752.3	0
638000	-9.12779e-12	-49752.3	0
639000	-9.12779e-12	-49752.3	0
640000	-9.12779e-12	-49752.3	0
641000	-9.12779e-12	-49752.3	0
642000	-9.12779e-12	-49752.3	0
643000	-9.12779e-12	-49752.3	0
644000	-9.12779e-12	-49752.3	0
645000	-9.12779e-12	-49752.3	0
646000	-9.12779e-12	-49752.3	0
647000	-9.12779e-12	-49752.3	0
648000	-9.12779e-12	-49752.3	0
649000	-9.12779e-12	-49752.3	0
650000	-9.12779e-12	-49752.3	0
651000	-9.12779e-12	-49752.3	0
652000	-9.12779e-12	-49752.3	0
653000	-9.12779e-12	-49752.3	0
654000	-9.12779e-12	-49752.3	0
655000	-9.12779e-12	-49752.3	0
656000	-9.12779e-12	-49752.3	0
657000	-9.12779e-12	-49752.3	0
658000	-9.12779e-12	-49752.3	0
659000	-9.12779e-12	-49752.3	0
660000	-9.12779e-12	-49752.3	0
661000	-9.12779e-12	-49752.3	0
662000	-9.12779e-12	-49752.3	0
663000	-9.12779e-12	-49752.3	0
664000	-9.12779e-12	-49752.3	0
665000	-9.12779e-12	-49752.3	0
666000	-9.12779e-12	-49752.3	0
667000	-9.12779e-12	-49752.3	0
668000	-9.12779e-12	-49752.3	0
669000	-9.12779e-12	-49752.3	0
670000	-9.12779e-12	-49752.3	0
671000	-9.12779e-12	-49752.3	0
672000	-9.12779e-12	-49752.3	0
673000	-9.12779e-12	-49752.3	0
674000	-9.12779e-12	-49752.3	0
675000	-9.12779e-12	-49752.3	0
676000	-9.12779e-12	-49752.3	0
677000	-9.12779e-12	-49752.3	0
678000	-9.12779e-12	-49752.3	0
679000	-9.12779e-12	-49752.3	0
680000	-9.12779e-12	-49752.3	0
681000	-9.12779e-12	-49752.3	0
682000	-9.12779e-12	-49752.3	0
683000	-9.12779e-12	-49752.3	0
684000	-9.12779e-12	-49752.3	0
685000	-9.12779e-12	-49752.3	0
686000	-9.12779e-12	-49752.3	0
687000	-9.12779e-12	-49752.3	0
688000	-9.12779e-12	-49752.3	0
689000	-9.12779e-12	-49752.3	0
690000	-9.12779e-12	-49752.3	0
691000	-9.12779e-12	-49752.3	0
692000	-9.12779e-12	-49752.3	0
693000	-9.12779e-12	-49752.3	0
694000	-9.12779e-12	-49752.3	0
695000	-9.12779e-12	-49752.3	0
696000	-9.12779e-12	-49752.3	0
697000	-9.12779e-12	-49752.3	0
698000	-9.12779e-12	-49752.3	0
699000	-9.12779e-12	-49752.3	0
700000	-9.12779e-12	-49752.3	0
701000	-9.12779e-12	-49752.3	0
702000	-9.12779e-12	-49752.3	0
703000	-9.12779e-12	-49752.3	0
704000	-9.12779e-12	-49752.3	0
705000	-9.12779e-12	-49752.3	0
706000	-9.12779e-12	-49752.3	0
707000	-9.12779e-12	-49752.3	0
708000	-9.12779e-12	-49752.3	0
709000	-9.12779e-12	-49752.3	0
710000	-9.12779e-12	-49752.3	0
711000	-9.12779e-12	-49752.3	0
712000	-9.12779e-12	-49752.3	0
713000	-9.12779e-12	-49752.3	0
714000	-9.12779e-12	-49752.3	0
715000	-9.12779e-12	-49752.3	0
716000	-9.12779e-12	-49752.3	0
717000	-9.12779e-12	-49752.3	0
718000	-9.12779e-12	-49752.3	0
719000	-9.12779e-12	-49752.3	0
720000	-9.12779e-12	-49752.3	0
721000	-9.12779e-12	-49752.3	0
722000	-9.12779e-12	-49752.3	0
723000	-9.12779e-12	-49752.3	0
724000	-9.12779e-12	-49752.3	0
725000	-9.12779e-12	-49752.3	0
726000	-9.12779e-12	-49752.3	0
727000	-9.12779e-12	-49752.3	0
728000	-9.12779e-12	-49752.3	0
729000	-9.12779e-12	-49752.3	0
730000	-9.12779e-12	-49752.3	0
731000	-9.12779e-12	-49752.3	0
732000	-9.12779e-12	-49752.3	0
733000	-9.12779e-12	-49752.3	0
734000	-9.12779e-12	-49752.3	0
735000	-9.12779e-12	-49752.3	0
736000	-9.12779e-12	-49752.3	0
737000	-9.12779e-12	-49752.3	0
738000	-9.12779e-12	-49752.3	0
739000	-9.12779e-12	-49752.3	0
740000	-9.12779e-12	-49752.3	0
741000	-9.12779e-12	-49752.3	0
742000	-9.12779e-12	-49752.3	0
743000	-9.12779e-12	-49752.3	0
744000	-9.12779e-12	-49752.3	0
745000	-9.12779e-12	-49752.3	0
746000	-9.12779e-12	-49752.3	0
747000	-9.12779e-12	-49752.3	0
748000	-9.12779e-12	-49752.3	0
749000	-9.12779e-12	-49752.3	0
750000	-9.12779e-12	-49752.3	0
751000	-9.12779e-12	-49752.3	0
752000	-9.12779e-12	-49752.3	0
753000	-9.12779e-12	-49752.3	0
754000	-9.12779e-12	-49752.3	0
755000	-9.12779e-12	-49752.3	0
756000	-9.12779e-12	-49752.3	0
757000	-9.12779e-12	-49752.3	0
758000	-9.12779e-12	-49752.3	0
759000	-9.12779e-12	-49752.3	0
760000	-9.12779e-12	-49752.3	0
761000	-9.12779e-12	-49752.3	0
762000	-9.12779e-12	-49752.3	0
763000	-9.12779e-12	-49752.3	0
764000	-9.12779e-12	-49752.3	0
765000	-9.12779e-12	-49752.3	0
766000	-9.12779e-12	-49752.3	0
767000	-9.12779e-12	-49752.3	0
768000	-9.12779e-12	-49752.3	0
769000	-9.12779e-12	-49752.3	0
770000	-9.12779e-12	-49752.3	0
771000	-9.12779e-12	-49752.3	0
772000	-9.12779e-12	-49752.3	0
773000	-9.12779e-12	-49752.3	0
774000	-9.12779e-12	-49752.3	0
775000	-9.12779e-12	-49752.3	0
776000	-9.12779e-12	-49752.3	0
777000	-9.12779e-12	-49752.3	0
778000	-9.12779e-12	-49752.3	0
779000	-9.12779e-12	-49752.3	0
780000	-9.12779e-12	-49752.3	0
781000	-9.12779e-12	-49752.3	0
782000	-9.12779e-12	-49752.3	0
783000	-9.12779e-12	-49752.3	0
784000	-9.12779e-12	-49752.3	0
785000	-9.12779e-12	-49752.3	0
786000	-9.12779e-12	-49752.3	0
787000	-9.12779e-12	-49752.3	0
788000	-9.12779e-12	-49752.3	0
789000	-9.12779e-12	-49752.3	0
790000	-9.12779e-12	-49752.3	0
791000	-9.12779e-12	-49752.3	0
792000	-9.12779e-12	-49752.3	0
793000	-9.12779e-12	-49752.3	0
794000	-9.12779e-12	-49752.3	0
795000	-9.12779e-12	-49752.3	0
796000	-9.12779e-12	-49752.3	0
797000	-9.12779e-12	-49752.3	0
798000	-9.12779e-12	-49752.3	0
799000	-9.12779e-12	-49752.3	0
800000	-9.12779e-12	-49752.3	0
801000	-9.12779e-12	-49752.3	0
802000	-9.12779e-12	-49752.3	0
803000	-9.12779e-12	-49752.3	0
804000	-9.12779e-12	-49752.3	0
805000	-9.12779e-12	-49752.3	0
806000	-9.12779e-12	-49752.3	0
807000	-9.12779e-12	-49752.3	0
808000	-9.12779e-12	-49752.3	0
809000	-9.12779e-12	-49752.3	0
810000	-9.12779e-12	-49752.3	0
811000	-9.12779e-12	-49752.3	0
812000	-9.12779e-12	-49752.3	0
813000	-9.12779e-12	-49752.3	0
814000	-9.12779e-12	-49752.3	0
815000	-9.12779e-12	-49752.3	0
816000	-9.12779e-12	-49752.3	0
817000	-9.12779e-12	-49752.3	0
818000	-9.12779e-12	-49752.3	0
819000	-9.12779e-12	-49752.3	0
820000	-9.12779e-12	-49752.3	0
821000	-9.12779e-12	-49752.3	0
822000	-9.12779e-12	-49752.3	0
823000	-9.12779e-12	-49752.3	0
824000	-9.12779e-12	-49752.3	0
825000	-9.12779e-12	-49752.3	0
826000	-9.12779e-12	-49752.3	0
827000	-9.12779e-12	-49752.3	0
828000	-9.12779e-12	-49752.3	0
829000	-9.12779e-12	-49752.3	0
830000	-9.12779e-12	-49752.3	0
831000	-9.12779e-12	-49752.3	0
832000	-9.12779e-12	-49752.3	0
833000	-9.12779e-12	-49752.3	0
834000	-9.12779e-12	-49752.3	0
835000	-9.12779e-12	-49752.3	0
836000	-9.12779e-12	-49752.3	0
837000	-9.12779e-12	-49752.3	0
838000	-9.12779e-12	-49752.3	0
839000	-9.12779e-12	-49752.3	0
840000	-9.12779e-12	-49752.3	0
841000	-9.12779e-12	-49752.3	0
842000	-9.12779e-12	-49752.3	0
843000	-9.12779e-12	-49752.3	0
844000	-9.12779e-12	-49752.3	0
845000	-9.12779e-12	-49752.3	0
846000	-9.12779e-12	-49752.3	0
847000	-9.12779e-12	-49752.3	0
848000	-9.12779e-12	-49752.3	0
849000	-9.12779e-12	-49752.3	0
850000	-9.12779e-12	-49752.3	0
851000	-9.12779e-12	-49752.3	0
852000	-9.12779e-12	-49752.3	0
853000	-9.12779e-12	-49752.3	0
854000	-9.12779e-12	-49752.3	0
855000	-9.12779e-12	-49752.3	0
856000	-9.12779e-12	-49752.3	0
857000	-9.12779e-12	-49752.3	0
858000	-9.12779e-12	-49752.3	0
859000	-9.12779e-12	-49752.3	0
860000	-9.12779e-12	-49752.3	0
861000	-9.12779e-12	-49752.3	0
862000	-9.12779e-12	-49752.3	0
863000	-9.12779e-12	-49752.3	0
864000	-9.12779e-12	-49752.3	0
865000	-9.12779e-12	-49752.3	0
866000	-9.12779e-12	-49752.3	0
867000	-9.12779e-12	-49752.3	0
868000	-9.12779e-12	-49752.3	0
869000	-9.12779e-12	-49752.3	0
870000	-9.12779e-12	-49752.3	0
871000	-9.12779e-12	-49752.3	0
872000	-9.12779e-12	-49752.3	0
873000	-9.12779e-12	-49752.3	0
874000	-9.12779e-12	-49752.3	0
875000	-9.12779e-12	-49752.3	0
876000	-9.12779e-12	-49752.3	0
877000	-9.12779e-12	-49752.3	0
878000	-9.12779e-12	-49752.3	0
879000	-9.12779e-12	-49752.3	0
880000	-9.12779e-12	-49752.3	0
881000	-9.12779e-12	-49752.3	0
882000	-9.12779e-12	-49752.3	0
883000	-9.12779e-12	-49752.3	0
884000	-9.12779e-12	-49752.3	0
885000	-9.12779e-12	-49752.3	0
886000	-9.12779e-12	-49752.3	0
887000	-9.12779e-12	-49752.3	0
888000	-9.12779e-12	-49752.3	0
889000	-9.12779e-12	-49752.3	0
890000	-9.12779e-12	-49752.3	0
891000	-9.12779e-12	-49752.3	0
892000	-9.12779e-12	-49752.3	0
893000	-9.12779e-12	-49752.3	0
894000	-9.12779e-12	-49752.3	0
895000	-9.12779e-12	-49752.3	0
896000	-9.12779e-12	-49752.3	0
897000	-9.12779e-12	-49752.3	0
898000	-9.12779e-12	-49752.3	0
899000	-9.12779e-12	-49752.3	0
900000	-9.12779e-12	-49752.3	0
901000	-9.12779e-12	-49752.3	0
902000	-9.12779e-12	-49752.3	0
903000	-9.12779e-12	-49752.3	0
904000	-9.12779e-12	-49752.3	0
905000	-9.12779e-12	-49752.3	0
906000	-9.12779e-12	-49752.3	0
907000	-9.12779e-12	-49752.3	0
908000	-9.12779e-12	-49752.3	0
909000	-9.12779e-12	-49752.3	0
910000	-9.12779e-12	-49752.3	0
911000	-9.12779e-12	-49752.3	0
912000	-9.12779e-12	-49752.3	0
913000	-9.12779e-12	-49752.3	0
914000	-9.12779e-12	-49752.3	0
915000	-9.12779e-12	-49752.3	0
916000	-9.12779e-12	-49752.3	0
917000	-9.12779e-12	-49752.3	0
918000	-9.12779e-12	-49752.3	0
919000	-9.12779e-12	-49752.3	0
920000	-9.12779e-12	-49752.3	0
921000	-9.12779e-12	-49752.3	0
922000	-9.12779e-12	-49752.3	0
923000	-9.12779e-12	-49752.3	0
924000	-9.12779e-12	-49752.3	0
925000	-9.12779e-12	-49752.3	0
926000	-9.12779e-12	-49752.3	0
927000	-9.12779e-12	-49752.3	0
928000	-9.12779e-12	-49752.3	0
929000	-9.12779e-12	-49752.3	0
930000	-9.12779e-12	-49752.3	0
931000	-9.12779e-12	-49752.3	0
932000	-9.12779e-12	-49752.3	0
933000	-9.12779e-12	-49752.3	0
934000	-9.12779e-12	-49752.3	0
935000	-9.12779e-12	-49752.3	0
936000	-9.12779e-12	-49752.3	0
937000	-9.12779e-12	-49752.3	0
938000	-9.12779e-12	-49752.3	0
939000	-9.12779e-12	-49752.3	0
940000	-9.12779e-12	-49752.3	0
941000	-9.12779e-12	-49752.3	0
942000	-9.12779e-12	-49752.3	0
943000	-9.12779e-12	-49752.3	0
944000	-9.12779e-12	-49752.3	0
945000	-9.12779e-12	-49752.3	0
946000	-9.12779e-12	-49752.3	0
947000	-9.12779e-12	-49752.3	0
948000	-9.12779e-12	-49752.3	0
949000	-9.12779e-12	-49752.3	0
950000	-9.12779e-12	-49752.3	0
951000	-9.12779e-12	-49752.3	0
952000	-9.12779e-12	-49752.3	0
953000	-9.12779e-12	-49752.3	0
954000	-9.12779e-12	-49752.3	0
955000	-9.12779e-12	-49752.3	0
956000	-9.12779e-12	-49752.3	0
957000	-9.12779e-12	-49752.3	0
958000	-9.12779e-12	-49752.3	0
959000	-9.12779e-12	-49752.3	0
960000	-9.12779e-12	-49752.3	0
961000	-9.12779e-12	-49752.3	0
962000	-9.12779e-12	-49752.3	0
963000	-9.12779e-12	-49752.3	0
964000	-9.12779e-12	-49752.3	0
965000	-9.12779e-12	-49752.3	0
966000	-9.12779e-12	-49752.3	0
967000	-9.12779e-12	-49752.3	0
968000	-9.12779e-12	-49752.3	0
969000	-9.12779e-12	-49752.3	0
970000	-9.12779e-12	-49752.3	0
971000	-9.12779e-12	-49752.3	0
972000	-9.12779e-12	-49752.3	0
973000	-9.12779e-12	-49752.3	0
974000	-9.12779e-12	-49752.3	0
975000	-9.12779e-12	-49752.3	0
976000	-9.12779e-12	-49752.3	0
977000	-9.12779e-12	-49752.3	0
978000	-9.12779e-12	-49752.3	0
979000	-9.12779e-12	-49752.3	0
980000	-9.12779e-12	-49752.3	0
981000	-9.12779e-12	-49752.3	0
982000	-9.12779e-12	-49752.3	0
983000	-9.12779e-12	-49752.3	0
984000	-9.12779e-12	-49752.3	0
985000	-9.12779e-12	-49752.3	0
986000	-9.12779e-12	-49752.3	0
987000	-9.12779e-12	-49752.3	0
988000	-9.12779e-12	-49752.3	0
989000	-9.12779e-12	-49752.3	0
990000	-9.12779e-12	-49752.3	0
991000	-9.12779e-12	-49752.3	0
992000	-9.12779e-12	-49752.3	0
993000	-9.12779e-12	-49752.3	0
994000	-9.12779e-12	-49752.3	0
995000	-9.12779e-12	-49752.3	0
996000	-9.12779e-12	-49752.3	0
997000	-9.12779e-12	-49752.3	0
998000	-9.12779e-12	-49752.3	0
999000	-9.12779e-12	-49752.3	0
1e+06	-9.12779e-12	-49752.3	0
