0.211325	0.211325	0	
0	0	0	0
1000	6.31276e-11	-17575.4	0
2000	1.60939e-10	-52196.1	0
3000	1.4353e-10	-82744	0
4000	-1.21962e-10	-92046.5	0
5000	-3.60082e-10	-76373.3	0
6000	-3.04416e-10	-46602.7	0
7000	4.21521e-11	-21000.7	0
8000	3.96051e-10	-14135.9	0
9000	4.59305e-10	-28582.5	0
10000	1.76674e-10	-54260.8	0
11000	-2.58655e-10	-75322.3	0
12000	-5.80026e-10	-79854.1	0
13000	-4.5514e-10	-66487.9	0
14000	4.12827e-11	-44403.2	0
15000	4.66621e-10	-27216.4	0
16000	5.4633e-10	-24660.8	0
17000	1.97481e-10	-37105.5	0
18000	-2.30683e-10	-56042.2	0
19000	-3.376e-10	-69814.2	0
20000	-1.41581e-10	-70727	0
21000	1.67714e-10	-59245.1	0
22000	3.14874e-10	-43095.1	0
23000	3.18869e-10	-32177.4	0
24000	1.60707e-10	-32545.5	0
25000	5.01583e-12	-43096.1	0
26000	-1.13507e-10	-56780.3	0
27000	-1.18207e-11	-65257.7	0
28000	1.21474e-10	-63927.6	0
29000	1.26075e-10	-54344.5	0
30000	7.35745e-11	-42825.1	0
31000	-6.6688e-12	-36349.7	0
32000	-5.93092e-12	-38366.2	0
33000	6.09187e-11	-47008.2	0
34000	8.89624e-11	-56623.9	0
35000	8.12685e-12	-61435.4	0
36000	-8.57791e-11	-58969.9	0
37000	-9.51738e-11	-51260.6	0
38000	1.45596e-11	-43292.9	0
39000	1.35287e-10	-39819.5	0
40000	2.49663e-10	-42551.1	0
41000	2.36521e-10	-49374.1	0
42000	7.39861e-11	-55911.6	0
43000	-5.94394e-11	-58304.9	0
44000	-3.19145e-11	-55460.6	0
45000	1.60245e-10	-49479.4	0
46000	2.9542e-10	-44161.3	0
47000	3.34528e-10	-42615.9	0
48000	2.73492e-10	-45464.6	0
49000	1.12084e-10	-50666.1	0
50000	4.59939e-11	-54942.6	0
51000	3.29118e-11	-55826.4	0
52000	1.53639e-10	-53060.3	0
53000	2.30383e-10	-48575.4	0
54000	1.87496e-10	-45173.4	0
55000	3.7461e-11	-44792.3	0
56000	9.07851e-13	-47420.2	0
57000	5.16638e-11	-51256.3	0
58000	6.82825e-11	-53924.2	0
59000	5.93363e-11	-53930.5	0
60000	8.54895e-11	-51481.5	0
61000	1.33045e-10	-48226.8	0
62000	1.08201e-10	-46165.4	0
63000	6.05034e-11	-46429.4	0
64000	9.2992e-11	-48678.2	0
65000	1.87936e-10	-51417.1	0
66000	2.18535e-10	-52978.7	0
67000	1.21956e-10	-52527.7	0
68000	6.50653e-11	-50491	0
69000	1.25407e-10	-48204.9	0
70000	2.31395e-10	-47048.8	0
71000	2.21172e-10	-47621.3	0
72000	1.57726e-10	-49445.2	0
73000	1.08879e-10	-51336.7	0
74000	8.2442e-11	-52165.6	0
75000	6.42055e-11	-51522.9	0
76000	2.45251e-11	-49907	0
77000	6.19511e-11	-48355.8	0
78000	1.06149e-10	-47786.9	0
79000	1.14653e-10	-48461.1	0
80000	3.41462e-11	-49879.2	0
81000	-5.91765e-11	-51138.8	0
82000	-4.36801e-11	-51503.3	0
83000	4.06779e-11	-50826.7	0
84000	9.65223e-11	-49593.6	0
85000	4.22504e-11	-48581.3	0
86000	-2.69203e-11	-48374.6	0
87000	3.71891e-11	-49032.9	0
88000	6.87496e-11	-50096.1	0
89000	4.80763e-12	-50899.9	0
90000	2.00714e-12	-50986.7	0
91000	1.03129e-10	-50361.5	0
92000	1.87807e-10	-49452.4	0
93000	1.01306e-10	-48822.5	0
94000	-1.78053e-12	-48824.6	0
95000	6.09949e-11	-49407.4	0
96000	1.5058e-10	-50178.4	0
97000	1.118e-10	-50664.1	0
98000	1.81818e-11	-50598.2	0
99000	-1.3495e-11	-50063.4	0
100000	1.97538e-11	-49414.9	0
101000	7.6905e-11	-49047.4	0
102000	5.22853e-14	-49157.3	0
103000	-5.64549e-11	-49641.5	0
104000	-1.64105e-11	-50182.4	0
105000	5.90569e-11	-50453.8	0
106000	-2.13205e-11	-50315.6	0
107000	-3.36767e-11	-49882.2	0
108000	-2.36218e-11	-49434.9	0
109000	2.63084e-11	-49240.8	0
110000	7.94564e-11	-49395.3	0
111000	7.62976e-11	-49779	0
112000	8.33917e-11	-50145.6	0
113000	6.52142e-11	-50278.3	0
114000	8.09108e-11	-50116.7	0
115000	1.42539e-10	-49780.2	0
116000	2.17213e-10	-49482.7	0
117000	1.92744e-10	-49398.1	0
118000	1.37814e-10	-49560	0
119000	1.51527e-10	-49852.5	0
120000	1.80606e-10	-50091.4	0
121000	1.68191e-10	-50138.7	0
122000	1.15376e-10	-49981.6	0
123000	9.43871e-11	-49729.5	0
124000	1.11321e-10	-49539.9	0
125000	1.07573e-10	-49520.8	0
126000	4.15243e-11	-49669.9	0
127000	2.27783e-11	-49885.3	0
128000	8.1185e-11	-50033.6	0
129000	1.27204e-10	-50032	0
130000	8.66536e-11	-49893.1	0
131000	7.32679e-11	-49710.5	0
132000	1.48536e-10	-49596.3	0
133000	2.14892e-10	-49612.9	0
134000	1.86482e-10	-49740.2	0
135000	1.68477e-10	-49893.7	0
136000	1.6494e-10	-49980	0
137000	2.19334e-10	-49953.1	0
138000	2.62731e-10	-49838	0
139000	2.10171e-10	-49710	0
140000	8.11298e-11	-49646.4	0
141000	1.15416e-10	-49679.8	0
142000	2.83407e-10	-49782.8	0
143000	2.50469e-10	-49888.6	0
144000	4.82712e-11	-49934	0
145000	1.1364e-11	-49896.8	0
146000	1.63749e-10	-49805.6	0
147000	2.70602e-10	-49719	0
148000	1.17711e-10	-49688.1	0
149000	-4.94485e-11	-49726.9	0
150000	9.26368e-11	-49806.7	0
151000	3.01446e-10	-49877	0
152000	2.48101e-10	-49896.6	0
153000	1.60711e-11	-49857.8	0
154000	7.95015e-13	-49788.4	0
155000	2.49683e-10	-49732.1	0
156000	3.76489e-10	-49721.3	0
157000	2.04078e-10	-49758.8	0
158000	3.86063e-11	-49818.6	0
159000	1.91481e-10	-49863.2	0
160000	4.45369e-10	-49867.5	0
161000	4.08505e-10	-49831.9	0
162000	1.74434e-10	-49780.8	0
163000	1.06389e-10	-49745.9	0
164000	3.12896e-10	-49746.6	0
165000	4.52447e-10	-49779.7	0
166000	2.7654e-10	-49822.9	0
167000	5.08412e-11	-49849.8	0
168000	1.49764e-10	-49845.6	0
169000	3.92378e-10	-49815.3	0
170000	3.84805e-10	-49779	0
171000	1.35317e-10	-49758.7	0
172000	7.43864e-11	-49765.3	0
173000	2.71642e-10	-49792.7	0
174000	4.01199e-10	-49822.9	0
175000	2.90809e-10	-49837.9	0
176000	8.44359e-11	-49829.8	0
177000	1.45797e-10	-49805.3	0
178000	3.7768e-10	-49780.3	0
179000	3.83347e-10	-49769.7	0
180000	1.33525e-10	-49778.6	0
181000	5.95514e-11	-49800.3	0
182000	3.24279e-10	-49820.7	0
183000	4.56952e-10	-49827.9	0
184000	2.28367e-10	-49818.6	0
185000	6.82508e-11	-49799.7	0
186000	2.12487e-10	-49783.1	0
187000	4.10931e-10	-49778.6	0
188000	3.59897e-10	-49787.8	0
189000	2.13673e-10	-49804.3	0
190000	1.74518e-10	-49817.6	0
191000	3.93301e-10	-49820	0
192000	4.71958e-10	-49811.1	0
193000	2.42007e-10	-49796.9	0
194000	8.08946e-11	-49786.4	0
195000	2.63649e-10	-49785.5	0
196000	4.62438e-10	-49793.9	0
197000	3.29457e-10	-49806	0
198000	1.06613e-10	-49814.3	0
199000	9.95596e-11	-49814	0
200000	2.86628e-10	-49806.2	0
201000	3.62195e-10	-49795.9	0
202000	1.41944e-10	-49789.6	0
203000	1.7707e-11	-49790.6	0
204000	1.39723e-10	-49797.9	0
205000	3.23456e-10	-49806.5	0
206000	2.28678e-10	-49811.2	0
207000	2.98578e-11	-49809.6	0
208000	-1.18681e-12	-49803.1	0
209000	2.3347e-10	-49795.9	0
210000	3.22706e-10	-49792.4	0
211000	1.78711e-10	-49794.4	0
212000	4.64576e-11	-49800.2	0
213000	1.75869e-10	-49806.1	0
214000	3.54514e-10	-49808.6	0
215000	3.20556e-10	-49806.5	0
216000	1.50707e-10	-49801.3	0
217000	8.60588e-11	-49796.5	0
218000	2.70291e-10	-49794.8	0
219000	3.67627e-10	-49797	0
220000	1.96549e-10	-49801.5	0
221000	3.45166e-11	-49805.4	0
222000	1.00787e-10	-49806.5	0
223000	2.91432e-10	-49804.3	0
224000	2.54013e-10	-49800.4	0
225000	1.10838e-10	-49797.2	0
226000	3.60526e-11	-49796.7	0
227000	1.62948e-10	-49798.8	0
228000	2.82692e-10	-49802.2	0
229000	1.81657e-10	-49804.7	0
230000	8.648e-11	-49804.9	0
231000	1.5443e-10	-49802.8	0
232000	2.66026e-10	-49800	0
233000	2.70496e-10	-49798	0
234000	1.86051e-10	-49798.1	0
235000	1.6602e-10	-49800	0
236000	2.28156e-10	-49802.4	0
237000	2.8947e-10	-49803.9	0
238000	2.39075e-10	-49803.6	0
239000	1.54149e-10	-49801.9	0
240000	1.09453e-10	-49799.9	0
241000	1.87477e-10	-49798.8	0
242000	2.27795e-10	-49799.1	0
243000	1.53398e-10	-49800.7	0
244000	1.08141e-10	-49802.4	0
245000	1.69625e-10	-49803.2	0
246000	2.2885e-10	-49802.7	0
247000	2.28492e-10	-49801.4	0
248000	1.8091e-10	-49800	0
249000	1.86293e-10	-49799.4	0
250000	2.41754e-10	-49799.9	0
251000	2.72054e-10	-49801.1	0
252000	2.38267e-10	-49802.3	0
253000	1.78511e-10	-49802.6	0
254000	2.05159e-10	-49802.1	0
255000	2.74432e-10	-49801	0
256000	2.55263e-10	-49800.1	0
257000	1.99168e-10	-49799.9	0
258000	1.95542e-10	-49800.4	0
259000	2.23643e-10	-49801.3	0
260000	2.1583e-10	-49802.1	0
261000	1.87173e-10	-49802.2	0
262000	1.81874e-10	-49801.7	0
263000	1.99645e-10	-49800.9	0
264000	2.38152e-10	-49800.3	0
265000	2.38221e-10	-49800.3	0
266000	2.20905e-10	-49800.7	0
267000	2.18328e-10	-49801.4	0
268000	2.30076e-10	-49801.9	0
269000	2.45674e-10	-49801.9	0
270000	1.99274e-10	-49801.4	0
271000	1.61152e-10	-49800.8	0
272000	1.89905e-10	-49800.5	0
273000	2.47276e-10	-49800.6	0
274000	2.29625e-10	-49801	0
275000	1.81565e-10	-49801.4	0
276000	1.97909e-10	-49801.7	0
277000	2.99097e-10	-49801.6	0
278000	2.88615e-10	-49801.2	0
279000	1.85763e-10	-49800.8	0
280000	1.81343e-10	-49800.7	0
281000	2.65198e-10	-49800.8	0
282000	3.07602e-10	-49801.1	0
283000	2.09309e-10	-49801.4	0
284000	1.43832e-10	-49801.6	0
285000	1.80212e-10	-49801.4	0
286000	2.57123e-10	-49801.1	0
287000	2.40001e-10	-49800.9	0
288000	2.13389e-10	-49800.8	0
289000	2.08149e-10	-49800.9	0
290000	2.40026e-10	-49801.2	0
291000	2.93908e-10	-49801.4	0
292000	2.55271e-10	-49801.4	0
293000	2.45519e-10	-49801.3	0
294000	2.97308e-10	-49801.1	0
295000	3.50959e-10	-49800.9	0
296000	3.57456e-10	-49800.9	0
297000	2.75871e-10	-49801	0
298000	2.64408e-10	-49801.2	0
299000	3.21464e-10	-49801.3	0
300000	3.69065e-10	-49801.4	0
301000	2.71175e-10	-49801.2	0
302000	1.61187e-10	-49801.1	0
303000	1.61306e-10	-49801	0
304000	3.36219e-10	-49801	0
305000	3.70077e-10	-49801.1	0
306000	2.2407e-10	-49801.2	0
307000	8.91043e-11	-49801.3	0
308000	1.84177e-10	-49801.3	0
309000	3.51825e-10	-49801.2	0
310000	3.15909e-10	-49801.1	0
311000	1.44841e-10	-49801	0
312000	1.80545e-10	-49801	0
313000	3.0227e-10	-49801.1	0
314000	3.65651e-10	-49801.2	0
315000	2.61263e-10	-49801.3	0
316000	1.94296e-10	-49801.2	0
317000	2.72901e-10	-49801.2	0
318000	3.39559e-10	-49801.1	0
319000	2.59104e-10	-49801	0
320000	1.63928e-10	-49801.1	0
321000	2.0157e-10	-49801.1	0
322000	2.99285e-10	-49801.2	0
323000	3.14526e-10	-49801.2	0
324000	1.39828e-10	-49801.2	0
325000	7.62182e-11	-49801.1	0
326000	1.76501e-10	-49801.1	0
327000	2.52614e-10	-49801.1	0
328000	1.58767e-10	-49801.1	0
329000	1.06099e-10	-49801.2	0
330000	1.14294e-10	-49801.2	0
331000	2.20044e-10	-49801.2	0
332000	2.66747e-10	-49801.2	0
333000	2.03076e-10	-49801.1	0
334000	1.7254e-10	-49801.1	0
335000	2.07276e-10	-49801.1	0
336000	3.07662e-10	-49801.1	0
337000	2.63192e-10	-49801.2	0
338000	1.95289e-10	-49801.2	0
339000	1.54559e-10	-49801.2	0
340000	2.01376e-10	-49801.2	0
341000	2.83357e-10	-49801.1	0
342000	2.37347e-10	-49801.1	0
343000	1.85576e-10	-49801.1	0
344000	1.91893e-10	-49801.1	0
345000	2.97831e-10	-49801.2	0
346000	3.27818e-10	-49801.2	0
347000	2.93436e-10	-49801.2	0
348000	2.31528e-10	-49801.1	0
349000	2.58421e-10	-49801.1	0
350000	3.27055e-10	-49801.1	0
351000	3.44078e-10	-49801.1	0
352000	2.33809e-10	-49801.1	0
353000	1.88072e-10	-49801.2	0
354000	2.86649e-10	-49801.2	0
355000	3.49385e-10	-49801.2	0
356000	3.00047e-10	-49801.1	0
357000	1.81211e-10	-49801.1	0
358000	1.96683e-10	-49801.1	0
359000	2.50775e-10	-49801.1	0
360000	2.63461e-10	-49801.1	0
361000	2.16479e-10	-49801.2	0
362000	1.79705e-10	-49801.2	0
363000	2.87759e-10	-49801.2	0
364000	3.77455e-10	-49801.1	0
365000	3.27829e-10	-49801.1	0
366000	2.17634e-10	-49801.1	0
367000	2.09886e-10	-49801.1	0
368000	3.83108e-10	-49801.1	0
369000	3.74034e-10	-49801.2	0
370000	2.62345e-10	-49801.2	0
371000	2.54775e-10	-49801.1	0
372000	3.12824e-10	-49801.1	0
373000	3.38699e-10	-49801.1	0
374000	2.68377e-10	-49801.1	0
375000	2.44179e-10	-49801.1	0
376000	2.74491e-10	-49801.1	0
377000	2.68047e-10	-49801.2	0
378000	2.13182e-10	-49801.2	0
379000	2.31858e-10	-49801.1	0
380000	2.67323e-10	-49801.1	0
381000	2.66291e-10	-49801.1	0
382000	2.35439e-10	-49801.1	0
383000	2.71024e-10	-49801.1	0
384000	2.75299e-10	-49801.1	0
385000	2.38941e-10	-49801.1	0
386000	2.10143e-10	-49801.1	0
387000	2.30029e-10	-49801.1	0
388000	2.65988e-10	-49801.1	0
389000	2.74707e-10	-49801.1	0
390000	1.98542e-10	-49801.1	0
391000	2.11537e-10	-49801.1	0
392000	2.75375e-10	-49801.1	0
393000	2.36592e-10	-49801.1	0
394000	1.67785e-10	-49801.1	0
395000	1.83964e-10	-49801.1	0
396000	2.20307e-10	-49801.1	0
397000	2.26556e-10	-49801.1	0
398000	1.34892e-10	-49801.1	0
399000	1.15927e-10	-49801.1	0
400000	1.45767e-10	-49801.1	0
401000	1.67354e-10	-49801.1	0
402000	1.42283e-10	-49801.1	0
403000	1.079e-10	-49801.1	0
404000	1.60404e-10	-49801.1	0
405000	1.52918e-10	-49801.1	0
406000	1.46413e-10	-49801.1	0
407000	1.51349e-10	-49801.1	0
408000	1.50721e-10	-49801.1	0
409000	1.88005e-10	-49801.1	0
410000	2.05114e-10	-49801.1	0
411000	1.67038e-10	-49801.1	0
412000	1.62315e-10	-49801.1	0
413000	1.82483e-10	-49801.1	0
414000	2.31786e-10	-49801.1	0
415000	1.89216e-10	-49801.1	0
416000	1.68901e-10	-49801.1	0
417000	1.65478e-10	-49801.1	0
418000	2.35924e-10	-49801.1	0
419000	2.16797e-10	-49801.1	0
420000	1.54878e-10	-49801.1	0
421000	1.48271e-10	-49801.1	0
422000	2.17584e-10	-49801.1	0
423000	2.21891e-10	-49801.1	0
424000	1.52988e-10	-49801.1	0
425000	1.12618e-10	-49801.1	0
426000	1.71532e-10	-49801.1	0
427000	2.86417e-10	-49801.1	0
428000	2.60146e-10	-49801.1	0
429000	1.61647e-10	-49801.1	0
430000	1.75791e-10	-49801.1	0
431000	2.62183e-10	-49801.1	0
432000	3.27408e-10	-49801.1	0
433000	1.78619e-10	-49801.1	0
434000	1.21117e-10	-49801.1	0
435000	2.09087e-10	-49801.1	0
436000	3.00722e-10	-49801.1	0
437000	2.33916e-10	-49801.1	0
438000	1.75018e-10	-49801.1	0
439000	1.97047e-10	-49801.1	0
440000	2.52187e-10	-49801.1	0
441000	2.50777e-10	-49801.1	0
442000	2.15626e-10	-49801.1	0
443000	2.04616e-10	-49801.1	0
444000	1.89446e-10	-49801.1	0
445000	1.86173e-10	-49801.1	0
446000	1.65959e-10	-49801.1	0
447000	1.65026e-10	-49801.1	0
448000	1.76344e-10	-49801.1	0
449000	1.59725e-10	-49801.1	0
450000	1.43914e-10	-49801.1	0
451000	1.47569e-10	-49801.1	0
452000	2.13963e-10	-49801.1	0
453000	1.72066e-10	-49801.1	0
454000	1.97561e-10	-49801.1	0
455000	2.2809e-10	-49801.1	0
456000	2.04655e-10	-49801.1	0
457000	1.68663e-10	-49801.1	0
458000	2.23306e-10	-49801.1	0
459000	2.30512e-10	-49801.1	0
460000	2.26691e-10	-49801.1	0
461000	1.5796e-10	-49801.1	0
462000	1.62571e-10	-49801.1	0
463000	2.26035e-10	-49801.1	0
464000	2.51601e-10	-49801.1	0
465000	1.52159e-10	-49801.1	0
466000	1.15448e-10	-49801.1	0
467000	1.69739e-10	-49801.1	0
468000	1.84184e-10	-49801.1	0
469000	1.12337e-10	-49801.1	0
470000	6.82186e-11	-49801.1	0
471000	1.57069e-10	-49801.1	0
472000	1.99091e-10	-49801.1	0
473000	1.6691e-10	-49801.1	0
474000	1.29895e-10	-49801.1	0
475000	1.54724e-10	-49801.1	0
476000	2.2439e-10	-49801.1	0
477000	1.63491e-10	-49801.1	0
478000	9.63647e-11	-49801.1	0
479000	1.15418e-10	-49801.1	0
480000	1.89891e-10	-49801.1	0
481000	1.87667e-10	-49801.1	0
482000	9.3793e-11	-49801.1	0
483000	4.3758e-11	-49801.1	0
484000	1.05449e-10	-49801.1	0
485000	1.97803e-10	-49801.1	0
486000	1.63655e-10	-49801.1	0
487000	2.09782e-11	-49801.1	0
488000	2.40385e-11	-49801.1	0
489000	1.69519e-10	-49801.1	0
490000	2.31484e-10	-49801.1	0
491000	1.17684e-10	-49801.1	0
492000	8.04039e-12	-49801.1	0
493000	7.73143e-11	-49801.1	0
494000	2.20858e-10	-49801.1	0
495000	1.96752e-10	-49801.1	0
496000	1.74407e-11	-49801.1	0
497000	2.63926e-11	-49801.1	0
498000	1.95511e-10	-49801.1	0
499000	2.37117e-10	-49801.1	0
500000	8.69407e-11	-49801.1	0
501000	4.29954e-12	-49801.1	0
502000	8.94526e-11	-49801.1	0
503000	2.2347e-10	-49801.1	0
504000	2.03662e-10	-49801.1	0
505000	2.36677e-12	-49801.1	0
506000	-3.42289e-11	-49801.1	0
507000	1.60868e-10	-49801.1	0
508000	3.10001e-10	-49801.1	0
509000	1.03917e-10	-49801.1	0
510000	-8.06127e-11	-49801.1	0
511000	5.00163e-11	-49801.1	0
512000	3.04439e-10	-49801.1	0
513000	2.40621e-10	-49801.1	0
514000	2.09386e-11	-49801.1	0
515000	4.44952e-12	-49801.1	0
516000	2.14493e-10	-49801.1	0
517000	3.54047e-10	-49801.1	0
518000	1.8716e-10	-49801.1	0
519000	-1.50291e-11	-49801.1	0
520000	1.04149e-10	-49801.1	0
521000	3.31571e-10	-49801.1	0
522000	3.09567e-10	-49801.1	0
523000	9.13344e-11	-49801.1	0
524000	-3.81936e-12	-49801.1	0
525000	2.2696e-10	-49801.1	0
526000	3.90377e-10	-49801.1	0
527000	2.17408e-10	-49801.1	0
528000	-6.67956e-11	-49801.1	0
529000	5.38066e-11	-49801.1	0
530000	3.46175e-10	-49801.1	0
531000	3.44535e-10	-49801.1	0
532000	3.38686e-11	-49801.1	0
533000	-8.87502e-11	-49801.1	0
534000	1.90701e-10	-49801.1	0
535000	3.84675e-10	-49801.1	0
536000	1.91753e-10	-49801.1	0
537000	-8.46229e-11	-49801.1	0
538000	3.95156e-11	-49801.1	0
539000	3.63561e-10	-49801.1	0
540000	3.95953e-10	-49801.1	0
541000	1.02711e-10	-49801.1	0
542000	3.26309e-11	-49801.1	0
543000	2.83693e-10	-49801.1	0
544000	4.58984e-10	-49801.1	0
545000	2.20285e-10	-49801.1	0
546000	1.84756e-11	-49801.1	0
547000	1.23421e-10	-49801.1	0
548000	3.73203e-10	-49801.1	0
549000	3.25928e-10	-49801.1	0
550000	8.09466e-11	-49801.1	0
551000	2.3075e-12	-49801.1	0
552000	2.48594e-10	-49801.1	0
553000	3.92381e-10	-49801.1	0
554000	2.32962e-10	-49801.1	0
555000	-4.31098e-13	-49801.1	0
556000	1.17576e-10	-49801.1	0
557000	3.72509e-10	-49801.1	0
558000	3.45055e-10	-49801.1	0
559000	8.55316e-11	-49801.1	0
560000	3.80244e-11	-49801.1	0
561000	2.8768e-10	-49801.1	0
562000	4.41061e-10	-49801.1	0
563000	2.29571e-10	-49801.1	0
564000	5.79046e-11	-49801.1	0
565000	2.39645e-10	-49801.1	0
566000	4.50125e-10	-49801.1	0
567000	3.9041e-10	-49801.1	0
568000	1.40731e-10	-49801.1	0
569000	1.6218e-10	-49801.1	0
570000	4.24579e-10	-49801.1	0
571000	4.70795e-10	-49801.1	0
572000	1.83931e-10	-49801.1	0
573000	2.29374e-11	-49801.1	0
574000	2.46644e-10	-49801.1	0
575000	4.21247e-10	-49801.1	0
576000	2.46969e-10	-49801.1	0
577000	1.35466e-12	-49801.1	0
578000	3.7759e-11	-49801.1	0
579000	2.77251e-10	-49801.1	0
580000	3.47326e-10	-49801.1	0
581000	1.19356e-10	-49801.1	0
582000	-1.04411e-11	-49801.1	0
583000	1.49221e-10	-49801.1	0
584000	3.65903e-10	-49801.1	0
585000	2.52074e-10	-49801.1	0
586000	2.0618e-11	-49801.1	0
587000	4.36239e-11	-49801.1	0
588000	2.7296e-10	-49801.1	0
589000	3.17413e-10	-49801.1	0
590000	1.45712e-10	-49801.1	0
591000	4.20068e-11	-49801.1	0
592000	1.93639e-10	-49801.1	0
593000	3.31518e-10	-49801.1	0
594000	2.16564e-10	-49801.1	0
595000	2.49292e-11	-49801.1	0
596000	4.46329e-11	-49801.1	0
597000	2.36849e-10	-49801.1	0
598000	2.69477e-10	-49801.1	0
599000	8.15577e-11	-49801.1	0
600000	-4.9119e-13	-49801.1	0
601000	1.24808e-10	-49801.1	0
602000	2.61004e-10	-49801.1	0
603000	1.87626e-10	-49801.1	0
604000	3.16932e-11	-49801.1	0
605000	8.63533e-11	-49801.1	0
606000	2.07051e-10	-49801.1	0
607000	1.93366e-10	-49801.1	0
608000	7.32468e-11	-49801.1	0
609000	4.25161e-11	-49801.1	0
610000	1.06381e-10	-49801.1	0
611000	1.72828e-10	-49801.1	0
612000	1.46363e-10	-49801.1	0
613000	9.90236e-11	-49801.1	0
614000	7.6818e-11	-49801.1	0
615000	1.4056e-10	-49801.1	0
616000	1.51221e-10	-49801.1	0
617000	6.37976e-11	-49801.1	0
618000	3.92063e-11	-49801.1	0
619000	1.13423e-10	-49801.1	0
620000	1.19043e-10	-49801.1	0
621000	1.16317e-10	-49801.1	0
622000	8.72123e-11	-49801.1	0
623000	9.30762e-11	-49801.1	0
624000	1.23779e-10	-49801.1	0
625000	1.17744e-10	-49801.1	0
626000	7.6672e-11	-49801.1	0
627000	8.48541e-11	-49801.1	0
628000	1.02778e-10	-49801.1	0
629000	1.57597e-10	-49801.1	0
630000	1.12438e-10	-49801.1	0
631000	5.88408e-11	-49801.1	0
632000	8.58724e-11	-49801.1	0
633000	1.52141e-10	-49801.1	0
634000	1.28005e-10	-49801.1	0
635000	9.25064e-11	-49801.1	0
636000	1.05217e-10	-49801.1	0
637000	1.78649e-10	-49801.1	0
638000	1.95304e-10	-49801.1	0
639000	1.1006e-10	-49801.1	0
640000	6.19676e-11	-49801.1	0
641000	1.51201e-10	-49801.1	0
642000	1.97199e-10	-49801.1	0
643000	6.83388e-11	-49801.1	0
644000	2.93836e-11	-49801.1	0
645000	1.30208e-10	-49801.1	0
646000	1.82556e-10	-49801.1	0
647000	1.07404e-10	-49801.1	0
648000	3.22439e-11	-49801.1	0
649000	3.32647e-11	-49801.1	0
650000	9.86083e-11	-49801.1	0
651000	9.70094e-11	-49801.1	0
652000	4.93148e-11	-49801.1	0
653000	2.22121e-11	-49801.1	0
654000	2.84138e-11	-49801.1	0
655000	5.11183e-11	-49801.1	0
656000	4.03851e-11	-49801.1	0
657000	6.06786e-11	-49801.1	0
658000	2.30154e-11	-49801.1	0
659000	3.68166e-11	-49801.1	0
660000	7.95536e-11	-49801.1	0
661000	8.69717e-11	-49801.1	0
662000	7.25759e-11	-49801.1	0
663000	5.83526e-11	-49801.1	0
664000	1.03793e-10	-49801.1	0
665000	1.5598e-10	-49801.1	0
666000	1.37977e-10	-49801.1	0
667000	9.14394e-11	-49801.1	0
668000	8.95738e-11	-49801.1	0
669000	1.185e-10	-49801.1	0
670000	1.42006e-10	-49801.1	0
671000	8.0515e-11	-49801.1	0
672000	1.47651e-11	-49801.1	0
673000	8.64382e-11	-49801.1	0
674000	1.75505e-10	-49801.1	0
675000	9.79495e-11	-49801.1	0
676000	2.29658e-12	-49801.1	0
677000	8.1649e-11	-49801.1	0
678000	1.43367e-10	-49801.1	0
679000	1.13445e-10	-49801.1	0
680000	4.81836e-11	-49801.1	0
681000	1.93408e-11	-49801.1	0
682000	9.13391e-11	-49801.1	0
683000	1.22576e-10	-49801.1	0
684000	5.61681e-11	-49801.1	0
685000	-4.70554e-11	-49801.1	0
686000	-3.28364e-11	-49801.1	0
687000	1.03274e-10	-49801.1	0
688000	1.52965e-10	-49801.1	0
689000	2.6638e-11	-49801.1	0
690000	-6.31786e-11	-49801.1	0
691000	7.82897e-11	-49801.1	0
692000	2.31084e-10	-49801.1	0
693000	1.68003e-10	-49801.1	0
694000	-1.51855e-11	-49801.1	0
695000	1.80203e-11	-49801.1	0
696000	2.04524e-10	-49801.1	0
697000	2.0813e-10	-49801.1	0
698000	2.13715e-12	-49801.1	0
699000	-1.04283e-10	-49801.1	0
700000	8.22985e-11	-49801.1	0
701000	2.15389e-10	-49801.1	0
702000	4.48335e-11	-49801.1	0
703000	-1.42069e-10	-49801.1	0
704000	-2.59024e-11	-49801.1	0
705000	1.44623e-10	-49801.1	0
706000	1.05281e-10	-49801.1	0
707000	-1.03238e-10	-49801.1	0
708000	-8.28238e-11	-49801.1	0
709000	1.46866e-10	-49801.1	0
710000	1.77092e-10	-49801.1	0
711000	3.11918e-11	-49801.1	0
712000	-2.62444e-11	-49801.1	0
713000	1.09711e-10	-49801.1	0
714000	2.12343e-10	-49801.1	0
715000	1.35078e-10	-49801.1	0
716000	2.09868e-11	-49801.1	0
717000	3.60525e-11	-49801.1	0
718000	1.4485e-10	-49801.1	0
719000	1.85021e-10	-49801.1	0
720000	1.0509e-11	-49801.1	0
721000	-7.86171e-11	-49801.1	0
722000	1.32451e-11	-49801.1	0
723000	1.17413e-10	-49801.1	0
724000	3.56396e-11	-49801.1	0
725000	-8.03005e-11	-49801.1	0
726000	-4.07384e-11	-49801.1	0
727000	9.2622e-11	-49801.1	0
728000	1.05521e-10	-49801.1	0
729000	3.74198e-11	-49801.1	0
730000	-1.69764e-11	-49801.1	0
731000	-4.5464e-12	-49801.1	0
732000	1.02221e-10	-49801.1	0
733000	9.2991e-11	-49801.1	0
734000	3.40236e-11	-49801.1	0
735000	3.85071e-11	-49801.1	0
736000	8.92181e-11	-49801.1	0
737000	8.59013e-11	-49801.1	0
738000	1.23516e-11	-49801.1	0
739000	1.20497e-11	-49801.1	0
740000	6.87858e-11	-49801.1	0
741000	1.11466e-10	-49801.1	0
742000	4.67242e-11	-49801.1	0
743000	-7.73892e-11	-49801.1	0
744000	-2.17192e-11	-49801.1	0
745000	7.95658e-11	-49801.1	0
746000	3.14523e-11	-49801.1	0
747000	-7.35606e-11	-49801.1	0
748000	-1.10007e-10	-49801.1	0
749000	-5.7328e-11	-49801.1	0
750000	-1.70228e-11	-49801.1	0
751000	-4.25361e-11	-49801.1	0
752000	-5.7864e-11	-49801.1	0
753000	-6.28369e-11	-49801.1	0
754000	-5.17764e-11	-49801.1	0
755000	-3.26087e-11	-49801.1	0
756000	2.59958e-11	-49801.1	0
757000	3.3541e-11	-49801.1	0
758000	2.32784e-11	-49801.1	0
759000	-5.58832e-11	-49801.1	0
760000	-1.50342e-11	-49801.1	0
761000	6.16944e-11	-49801.1	0
762000	8.57344e-11	-49801.1	0
763000	2.65039e-11	-49801.1	0
764000	-2.76741e-11	-49801.1	0
765000	2.45151e-11	-49801.1	0
766000	7.18535e-11	-49801.1	0
767000	8.38572e-12	-49801.1	0
768000	-1.36902e-10	-49801.1	0
769000	-1.13265e-10	-49801.1	0
770000	1.97955e-11	-49801.1	0
771000	9.49036e-12	-49801.1	0
772000	-1.06503e-10	-49801.1	0
773000	-1.29895e-10	-49801.1	0
774000	-3.4557e-11	-49801.1	0
775000	1.15751e-10	-49801.1	0
776000	3.66488e-11	-49801.1	0
777000	-1.1733e-10	-49801.1	0
778000	-9.01186e-11	-49801.1	0
779000	9.74985e-11	-49801.1	0
780000	1.68396e-10	-49801.1	0
781000	4.05766e-11	-49801.1	0
782000	-5.02548e-11	-49801.1	0
783000	5.11103e-11	-49801.1	0
784000	1.79556e-10	-49801.1	0
785000	1.27382e-10	-49801.1	0
786000	-1.45998e-11	-49801.1	0
787000	-4.21366e-11	-49801.1	0
788000	1.02537e-10	-49801.1	0
789000	1.4614e-10	-49801.1	0
790000	5.74962e-11	-49801.1	0
791000	-4.25673e-11	-49801.1	0
792000	8.75826e-12	-49801.1	0
793000	1.20194e-10	-49801.1	0
794000	1.1538e-10	-49801.1	0
795000	-1.32515e-11	-49801.1	0
796000	-5.73443e-11	-49801.1	0
797000	7.31156e-11	-49801.1	0
798000	1.24785e-10	-49801.1	0
799000	5.66401e-11	-49801.1	0
800000	-7.65271e-11	-49801.1	0
801000	-1.73986e-11	-49801.1	0
802000	1.38384e-10	-49801.1	0
803000	8.41801e-11	-49801.1	0
804000	-6.00317e-11	-49801.1	0
805000	-3.81263e-11	-49801.1	0
806000	1.25027e-10	-49801.1	0
807000	1.52147e-10	-49801.1	0
808000	5.68205e-11	-49801.1	0
809000	-2.26075e-11	-49801.1	0
810000	1.05317e-11	-49801.1	0
811000	1.38768e-10	-49801.1	0
812000	1.45884e-10	-49801.1	0
813000	-9.96334e-12	-49801.1	0
814000	-5.37788e-11	-49801.1	0
815000	1.8197e-11	-49801.1	0
816000	7.6642e-11	-49801.1	0
817000	1.25409e-10	-49801.1	0
818000	1.27781e-10	-49801.1	0
819000	-3.75075e-12	-49801.1	0
820000	4.9133e-11	-49801.1	0
821000	1.21404e-10	-49801.1	0
822000	1.17784e-10	-49801.1	0
823000	5.94261e-11	-49801.1	0
824000	-2.55711e-11	-49801.1	0
825000	1.05295e-10	-49801.1	0
826000	3.07007e-11	-49801.1	0
827000	-4.14257e-11	-49801.1	0
828000	8.4756e-11	-49801.1	0
829000	8.87274e-11	-49801.1	0
830000	-2.01379e-11	-49801.1	0
831000	4.82615e-11	-49801.1	0
832000	1.15204e-10	-49801.1	0
833000	8.73349e-11	-49801.1	0
834000	-3.03808e-11	-49801.1	0
835000	9.58201e-11	-49801.1	0
836000	-3.01504e-12	-49801.1	0
837000	1.02809e-10	-49801.1	0
838000	1.41197e-10	-49801.1	0
839000	1.38899e-10	-49801.1	0
840000	1.45854e-10	-49801.1	0
841000	1.27989e-10	-49801.1	0
842000	4.96501e-11	-49801.1	0
843000	2.16894e-11	-49801.1	0
844000	7.50854e-12	-49801.1	0
845000	2.49477e-11	-49801.1	0
846000	3.80769e-11	-49801.1	0
847000	8.46592e-11	-49801.1	0
848000	5.2265e-11	-49801.1	0
849000	2.72867e-11	-49801.1	0
850000	8.13738e-13	-49801.1	0
851000	8.46952e-11	-49801.1	0
852000	3.34776e-11	-49801.1	0
853000	7.17014e-12	-49801.1	0
854000	-1.96145e-13	-49801.1	0
855000	5.22281e-12	-49801.1	0
856000	2.85632e-11	-49801.1	0
857000	6.95676e-11	-49801.1	0
858000	9.16617e-11	-49801.1	0
859000	7.61824e-11	-49801.1	0
860000	8.97947e-11	-49801.1	0
861000	5.09412e-11	-49801.1	0
862000	1.14835e-10	-49801.1	0
863000	8.8298e-11	-49801.1	0
864000	7.17564e-12	-49801.1	0
865000	2.82675e-11	-49801.1	0
866000	7.07366e-11	-49801.1	0
867000	8.44988e-11	-49801.1	0
868000	1.05631e-10	-49801.1	0
869000	1.73532e-10	-49801.1	0
870000	1.33891e-10	-49801.1	0
871000	-1.51455e-11	-49801.1	0
872000	-2.89132e-11	-49801.1	0
873000	-4.16646e-11	-49801.1	0
874000	-4.35672e-11	-49801.1	0
875000	-8.28124e-11	-49801.1	0
876000	-1.06809e-10	-49801.1	0
877000	-1.76831e-10	-49801.1	0
878000	-2.07465e-10	-49801.1	0
879000	-3.10902e-10	-49801.1	0
880000	-2.60297e-10	-49801.1	0
881000	-2.31197e-10	-49801.1	0
882000	-3.49478e-10	-49801.1	0
883000	-3.98135e-10	-49801.1	0
884000	-4.73387e-10	-49801.1	0
885000	-5.88566e-10	-49801.1	0
886000	-6.56304e-10	-49801.1	0
887000	-6.87674e-10	-49801.1	0
888000	-6.6331e-10	-49801.1	0
889000	-6.38644e-10	-49801.1	0
890000	-6.80174e-10	-49801.1	0
891000	-7.38806e-10	-49801.1	0
892000	-7.21562e-10	-49801.1	0
893000	-7.55949e-10	-49801.1	0
894000	-7.48217e-10	-49801.1	0
895000	-6.89018e-10	-49801.1	0
896000	-6.3646e-10	-49801.1	0
897000	-6.30524e-10	-49801.1	0
898000	-6.35331e-10	-49801.1	0
899000	-6.01495e-10	-49801.1	0
900000	-5.76471e-10	-49801.1	0
901000	-6.55649e-10	-49801.1	0
902000	-7.56993e-10	-49801.1	0
903000	-6.50308e-10	-49801.1	0
904000	-6.02853e-10	-49801.1	0
905000	-7.19447e-10	-49801.1	0
906000	-7.19066e-10	-49801.1	0
907000	-6.67193e-10	-49801.1	0
908000	-7.11241e-10	-49801.1	0
909000	-6.75984e-10	-49801.1	0
910000	-6.5051e-10	-49801.1	0
911000	-6.24082e-10	-49801.1	0
912000	-6.67022e-10	-49801.1	0
913000	-6.22999e-10	-49801.1	0
914000	-6.26764e-10	-49801.1	0
915000	-6.01702e-10	-49801.1	0
916000	-6.61092e-10	-49801.1	0
917000	-5.99315e-10	-49801.1	0
918000	-5.78818e-10	-49801.1	0
919000	-5.88663e-10	-49801.1	0
920000	-6.34758e-10	-49801.1	0
921000	-6.04375e-10	-49801.1	0
922000	-5.97881e-10	-49801.1	0
923000	-5.81047e-10	-49801.1	0
924000	-5.84096e-10	-49801.1	0
925000	-6.24454e-10	-49801.1	0
926000	-5.79723e-10	-49801.1	0
927000	-5.79932e-10	-49801.1	0
928000	-6.43646e-10	-49801.1	0
929000	-6.53514e-10	-49801.1	0
930000	-7.02369e-10	-49801.1	0
931000	-6.39302e-10	-49801.1	0
932000	-7.10966e-10	-49801.1	0
933000	-6.35891e-10	-49801.1	0
934000	-6.45276e-10	-49801.1	0
935000	-7.23466e-10	-49801.1	0
936000	-7.55169e-10	-49801.1	0
937000	-6.68232e-10	-49801.1	0
938000	-7.09631e-10	-49801.1	0
939000	-7.37741e-10	-49801.1	0
940000	-6.64989e-10	-49801.1	0
941000	-7.52927e-10	-49801.1	0
942000	-6.99161e-10	-49801.1	0
943000	-7.66787e-10	-49801.1	0
944000	-7.3137e-10	-49801.1	0
945000	-7.05559e-10	-49801.1	0
946000	-6.81695e-10	-49801.1	0
947000	-7.31722e-10	-49801.1	0
948000	-7.7312e-10	-49801.1	0
949000	-7.77871e-10	-49801.1	0
950000	-7.56975e-10	-49801.1	0
951000	-7.39753e-10	-49801.1	0
952000	-7.44019e-10	-49801.1	0
953000	-7.56944e-10	-49801.1	0
954000	-7.87074e-10	-49801.1	0
955000	-7.64352e-10	-49801.1	0
956000	-7.19845e-10	-49801.1	0
957000	-6.96334e-10	-49801.1	0
958000	-7.30466e-10	-49801.1	0
959000	-7.61888e-10	-49801.1	0
960000	-6.87965e-10	-49801.1	0
961000	-7.15193e-10	-49801.1	0
962000	-7.63916e-10	-49801.1	0
963000	-6.70777e-10	-49801.1	0
964000	-7.76871e-10	-49801.1	0
965000	-7.60577e-10	-49801.1	0
966000	-6.88334e-10	-49801.1	0
967000	-6.71395e-10	-49801.1	0
968000	-6.52842e-10	-49801.1	0
969000	-6.14735e-10	-49801.1	0
970000	-5.91325e-10	-49801.1	0
971000	-6.20094e-10	-49801.1	0
972000	-5.10251e-10	-49801.1	0
973000	-5.46917e-10	-49801.1	0
974000	-5.16877e-10	-49801.1	0
975000	-5.55703e-10	-49801.1	0
976000	-5.27387e-10	-49801.1	0
977000	-5.30047e-10	-49801.1	0
978000	-6.0206e-10	-49801.1	0
979000	-5.10585e-10	-49801.1	0
980000	-6.45746e-10	-49801.1	0
981000	-4.83381e-10	-49801.1	0
982000	-5.7515e-10	-49801.1	0
983000	-5.00433e-10	-49801.1	0
984000	-5.89018e-10	-49801.1	0
985000	-5.7831e-10	-49801.1	0
986000	-5.71575e-10	-49801.1	0
987000	-6.01874e-10	-49801.1	0
988000	-5.81875e-10	-49801.1	0
989000	-6.30822e-10	-49801.1	0
990000	-5.42343e-10	-49801.1	0
991000	-6.17642e-10	-49801.1	0
992000	-6.54049e-10	-49801.1	0
993000	-6.17372e-10	-49801.1	0
994000	-6.61443e-10	-49801.1	0
995000	-5.61408e-10	-49801.1	0
996000	-5.87256e-10	-49801.1	0
997000	-5.73569e-10	-49801.1	0
998000	-5.74438e-10	-49801.1	0
999000	-5.22829e-10	-49801.1	0
1e+06	-5.50947e-10	-49801.1	0
