0.211325	0.211325	0	
0	0	0	0
1000	5.74673e-11	-16537.5	0
2000	1.60503e-10	-52492	0
3000	8.81233e-11	-86313.9	0
4000	-1.74216e-10	-97991.7	0
5000	-4.54885e-10	-80847.8	0
6000	-3.89263e-10	-45403.7	0
7000	1.65913e-11	-13127.5	0
8000	5.14078e-10	-3515.04	0
9000	6.7654e-10	-22156.2	0
10000	3.1505e-10	-57339.1	0
11000	-3.5072e-10	-87415.6	0
12000	-8.91569e-10	-94138.5	0
13000	-7.17206e-10	-73685.3	0
14000	9.69123e-11	-38887.4	0
15000	8.89877e-10	-11364.8	0
16000	8.61737e-10	-8125.96	0
17000	1.31882e-10	-30894	0
18000	-5.56083e-10	-65117.3	0
19000	-7.36207e-10	-89301.3	0
20000	-4.05059e-10	-88504.2	0
21000	1.30073e-10	-63528.6	0
22000	4.79214e-10	-30327.2	0
23000	3.78236e-10	-9964.21	0
24000	-2.97177e-11	-15217.2	0
25000	-4.72223e-10	-42407.2	0
26000	-6.17289e-10	-73917.7	0
27000	-2.97306e-10	-89646.9	0
28000	1.19369e-10	-79799.3	0
29000	2.07119e-10	-50972.9	0
30000	-3.97339e-11	-21874	0
31000	-2.53783e-10	-11268.7	0
32000	5.01519e-12	-25785.4	0
33000	2.97919e-10	-55667	0
34000	3.18028e-10	-81339.7	0
35000	-8.69274e-11	-86251.6	0
36000	-4.29268e-10	-67498.2	0
37000	-2.35862e-10	-37563.8	0
38000	2.47221e-10	-16141.4	0
39000	4.95173e-10	-17183.8	0
40000	3.41575e-10	-39698.1	0
41000	-7.24075e-13	-68559.2	0
42000	-4.76256e-10	-84708.1	0
43000	-8.23684e-10	-77715.7	0
44000	-5.57674e-10	-52491	0
45000	2.63758e-10	-25937.3	0
46000	8.44422e-10	-15706.1	0
47000	5.54569e-10	-28394.2	0
48000	-3.40267e-10	-55208.2	0
49000	-7.97205e-10	-78071.5	0
50000	-3.61281e-10	-81825.1	0
51000	3.66952e-10	-64235.6	0
52000	6.15376e-10	-37334.4	0
53000	5.0838e-10	-19290.5	0
54000	2.34159e-10	-22137.1	0
55000	-1.64035e-10	-43654.2	0
56000	-5.06869e-10	-69050.5	0
57000	-3.94151e-10	-81163	0
58000	7.24883e-11	-72029.8	0
59000	4.07099e-10	-48103.5	0
60000	3.52248e-11	-25779.1	0
61000	-5.49313e-10	-20208.5	0
62000	-4.69627e-10	-34948.7	0
63000	1.71317e-10	-59649.5	0
64000	3.74261e-10	-77345.5	0
65000	-1.66277e-10	-76108.1	0
66000	-5.04485e-10	-57049.7	0
67000	-1.81271e-10	-33422.1	0
68000	3.92827e-10	-21475.5	0
69000	5.7241e-10	-29252.8	0
70000	3.92391e-10	-51110.8	0
71000	1.14725e-10	-71814.6	0
72000	-2.40682e-10	-77175.5	0
73000	-4.98722e-10	-63740.4	0
74000	-3.31888e-10	-41012	0
75000	2.86485e-10	-24800.5	0
76000	7.34769e-10	-26233.6	0
77000	2.08561e-10	-44055.3	0
78000	-7.47356e-10	-65667.1	0
79000	-1.00053e-09	-76059.8	0
80000	-3.23208e-10	-68217.1	0
81000	3.99429e-10	-47831.6	0
82000	5.82214e-10	-29233.5	0
83000	2.06908e-10	-25350.9	0
84000	-1.25722e-10	-38674.2	0
85000	-2.43206e-10	-59642.3	0
86000	-2.19877e-10	-73525.1	0
87000	4.84532e-11	-70767.1	0
88000	5.17508e-10	-53535.1	0
89000	4.4928e-10	-34068.6	0
90000	-1.52395e-10	-26032.9	0
91000	-6.65542e-10	-34898.4	0
92000	-3.32917e-10	-54180.2	0
93000	1.62749e-10	-70192.7	0
94000	2.61751e-11	-71771	0
95000	-4.46367e-10	-58026.5	0
96000	-5.85474e-10	-38828.6	0
97000	-1.89674e-10	-27767.5	0
98000	2.5657e-10	-32524.9	0
99000	2.69293e-10	-49499.1	0
100000	5.12997e-11	-66526.3	0
101000	-1.25269e-10	-71612.6	0
102000	-2.68147e-10	-61359.2	0
103000	-3.47703e-10	-43222.4	0
104000	-2.88857e-11	-30137.7	0
105000	4.71226e-10	-31300.8	0
106000	4.66718e-10	-45667.6	0
107000	-4.05914e-10	-62846.8	0
108000	-1.10777e-09	-70633.6	0
109000	-7.7229e-10	-63664.8	0
110000	1.62101e-10	-47096.2	0
111000	5.72068e-10	-32826.9	0
112000	1.51247e-10	-30972.1	0
113000	-3.11517e-10	-42661.8	0
114000	-4.5639e-10	-59360.4	0
115000	-2.68018e-10	-69115.7	0
116000	3.98061e-11	-65106	0
117000	3.19434e-10	-50390.5	0
118000	4.30651e-10	-35607.8	0
119000	7.09516e-11	-31309.6	0
120000	-4.83357e-10	-40406.8	0
121000	-5.53316e-10	-56186.7	0
122000	-3.5301e-11	-67279.1	0
123000	3.35631e-10	-65847.8	0
124000	-1.02234e-11	-53106.1	0
125000	-5.56809e-10	-38326.2	0
126000	-5.11095e-10	-32119.7	0
127000	4.15681e-11	-38804.5	0
128000	3.60926e-10	-53383.9	0
129000	5.60143e-11	-65288.5	0
130000	-2.76372e-10	-66042.6	0
131000	-3.36544e-10	-55279.4	0
132000	-1.84372e-10	-40884.5	0
133000	2.46228e-11	-33245.8	0
134000	2.45454e-10	-37751.1	0
135000	3.49208e-10	-50968.8	0
136000	-8.64812e-11	-63262.2	0
137000	-7.63205e-10	-65822.9	0
138000	-8.65695e-10	-56965.5	0
139000	-1.02272e-10	-43226.3	0
140000	5.67614e-10	-34565.8	0
141000	3.0098e-10	-37147.2	0
142000	-5.02663e-10	-48931.9	0
143000	-7.95343e-10	-61281.7	0
144000	-3.24696e-10	-65299.7	0
145000	1.96573e-10	-58226.3	0
146000	3.89812e-10	-45324.7	0
147000	3.05208e-10	-35987.4	0
148000	5.54144e-11	-36903	0
149000	-2.79101e-10	-47248.1	0
150000	-4.28913e-10	-59400.2	0
151000	-1.24435e-10	-64563	0
152000	3.01868e-10	-59124.6	0
153000	2.00495e-10	-47172.6	0
154000	-4.23466e-10	-37442.4	0
155000	-7.18889e-10	-36940.4	0
156000	-2.5294e-10	-45884.6	0
157000	3.25739e-10	-57649.9	0
158000	3.0138e-10	-63684.5	0
159000	-2.13559e-10	-59719.1	0
160000	-3.92542e-10	-48775.7	0
161000	-8.24626e-11	-38882.3	0
162000	2.27253e-10	-37193.5	0
163000	3.1806e-10	-44804.9	0
164000	2.33664e-10	-56048.1	0
165000	-6.24281e-11	-62719.8	0
166000	-5.29553e-10	-60063.2	0
167000	-6.9152e-10	-50147.9	0
168000	-1.47153e-10	-40273.7	0
169000	5.09043e-10	-37607.7	0
170000	3.90973e-10	-43972.9	0
171000	-4.59086e-10	-54601.3	0
172000	-8.86453e-10	-61711.3	0
173000	-3.49259e-10	-60203.6	0
174000	3.23041e-10	-51307.1	0
175000	4.49453e-10	-41594.5	0
176000	1.68443e-10	-38138.3	0
177000	-9.94211e-11	-43354	0
178000	-2.87545e-10	-53308.8	0
179000	-3.76685e-10	-60691	0
180000	-1.50256e-10	-60180.8	0
181000	3.26654e-10	-52273.4	0
182000	3.25426e-10	-42831.3	0
183000	-3.53688e-10	-38749.6	0
184000	-8.47309e-10	-42916.7	0
185000	-3.684e-10	-52165.2	0
186000	3.80549e-10	-59682.2	0
187000	3.48275e-10	-60029.1	0
188000	-2.74038e-10	-53067.2	0
189000	-4.59453e-10	-43976.7	0
190000	-8.8996e-11	-39413.1	0
191000	2.31796e-10	-42632.3	0
192000	2.5091e-10	-51162.3	0
193000	1.19966e-10	-58701.7	0
194000	-2.44609e-11	-59777.1	0
195000	-3.5863e-10	-53708.4	0
196000	-5.55053e-10	-45028.1	0
197000	-1.82759e-10	-40106.4	0
198000	4.71455e-10	-42475.8	0
199000	3.71323e-10	-50290.1	0
200000	-4.87821e-10	-57761.1	0
201000	-9.9133e-10	-59448.8	0
202000	-4.08787e-10	-54215.6	0
203000	4.326e-10	-45985.7	0
204000	5.24793e-10	-40812.1	0
205000	-1.37451e-11	-42425.3	0
206000	-3.6114e-10	-49538	0
207000	-2.78947e-10	-56868.1	0
208000	-1.35722e-10	-59064	0
209000	4.92365e-12	-54606.1	0
210000	2.33191e-10	-46852.1	0
211000	2.36844e-10	-41516.8	0
212000	-2.58519e-10	-42461.7	0
213000	-7.45918e-10	-48895.3	0
214000	-4.4412e-10	-56027.6	0
215000	3.10382e-10	-58638.9	0
216000	4.84197e-10	-54895.5	0
217000	-1.81118e-10	-47631.3	0
218000	-6.13452e-10	-42210.5	0
219000	-1.92153e-10	-42568.8	0
220000	3.11829e-10	-48351.4	0
221000	3.34032e-10	-55241.9	0
222000	2.65117e-11	-58186.6	0
223000	-2.13501e-10	-55097.7	0
224000	-3.17707e-10	-48327.9	0
225000	-3.24536e-10	-42885.6	0
226000	-1.05138e-11	-42732.6	0
227000	3.54801e-10	-47896.3	0
228000	2.97447e-10	-54511.9	0
229000	-3.20912e-10	-57717.9	0
230000	-7.13211e-10	-55225.4	0
231000	-2.75528e-10	-48947.2	0
232000	5.37975e-10	-43536.6	0
233000	6.30311e-10	-42941.4	0
234000	1.90017e-11	-47520.5	0
235000	-4.55211e-10	-53837.3	0
236000	-3.76287e-10	-57241.3	0
237000	-3.20482e-11	-55289.4	0
238000	1.79935e-10	-49494.7	0
239000	2.4833e-10	-44159.8	0
240000	6.16681e-11	-43185.2	0
241000	-3.62437e-10	-47215.4	0
242000	-6.1162e-10	-53216.9	0
243000	-2.69663e-10	-56763.7	0
244000	3.63709e-10	-55299.5	0
245000	4.68524e-10	-49975.8	0
246000	-7.76729e-11	-44752.4	0
247000	-5.1597e-10	-43455.4	0
248000	-2.37359e-10	-46972.9	0
249000	2.98997e-10	-52648.9	0
250000	4.41214e-10	-56290.7	0
251000	7.76586e-11	-55264.3	0
252000	-2.97477e-10	-50395.9	0
253000	-3.33087e-10	-45312.9	0
254000	-1.881e-10	-43745	0
255000	7.1389e-11	-46785.7	0
256000	3.13123e-10	-52131.1	0
257000	2.13281e-10	-55826.4	0
258000	-3.17702e-10	-55191.2	0
259000	-6.12647e-10	-50760	0
260000	-1.4756e-10	-45840.6	0
261000	5.9563e-10	-44048.1	0
262000	6.91892e-10	-46647.3	0
263000	-4.3005e-11	-51661	0
264000	-5.99507e-10	-55374.2	0
265000	-3.55453e-10	-55086.6	0
266000	2.0438e-10	-51073.1	0
267000	3.4865e-10	-46335.1	0
268000	1.39519e-10	-44359.5	0
269000	-8.26046e-11	-46551.7	0
270000	-3.13446e-10	-51236.1	0
271000	-5.22961e-10	-54936.6	0
272000	-2.01073e-10	-54956.4	0
273000	4.3187e-10	-51339.8	0
274000	5.50178e-10	-46796.8	0
275000	-1.24685e-10	-44675.2	0
276000	-5.68344e-10	-46493.5	0
277000	-1.80055e-10	-50853.6	0
278000	4.74687e-10	-54515.6	0
279000	4.81433e-10	-54805.3	0
280000	-5.24523e-11	-51564.3	0
281000	-3.52198e-10	-47226.1	0
282000	-2.52246e-10	-44991.7	0
283000	-1.10002e-10	-46467.8	0
284000	2.03035e-11	-50510.9	0
285000	2.12429e-10	-54112.5	0
286000	2.03332e-10	-54637.7	0
287000	-2.54447e-10	-51750.7	0
288000	-6.33565e-10	-47623.9	0
289000	-1.59878e-10	-45306.1	0
290000	7.0049e-10	-46470.3	0
291000	6.23534e-10	-50205.4	0
292000	-2.91615e-10	-53728.3	0
293000	-7.63438e-10	-54457.3	0
294000	-2.49985e-10	-51902.6	0
295000	3.57079e-10	-47991.2	0
296000	2.39959e-10	-45616.2	0
297000	-1.2196e-10	-46497	0
298000	-1.73848e-10	-49934.5	0
299000	-2.56826e-10	-53363.4	0
300000	-4.39649e-10	-54267.4	0
301000	-1.50654e-10	-52023.6	0
302000	4.64104e-10	-48329.2	0
303000	5.27587e-10	-45919.9	0
304000	-2.55951e-10	-46544.6	0
305000	-7.51929e-10	-49695.7	0
306000	-2.15998e-10	-53018.4	0
307000	5.32328e-10	-54070.7	0
308000	3.71306e-10	-52116.8	0
309000	-2.77907e-10	-48639.1	0
310000	-5.46653e-10	-46215.7	0
311000	-2.9402e-10	-46609.9	0
312000	-1.00234e-11	-49486.7	0
313000	5.69511e-11	-52693.1	0
314000	9.83223e-11	-53869.6	0
315000	-2.28331e-11	-52185.2	0
316000	-3.21079e-10	-48922.3	0
317000	-4.91581e-10	-46502.4	0
318000	-9.40192e-11	-46690	0
319000	4.69819e-10	-49305.1	0
320000	4.17414e-10	-52387.6	0
321000	-3.03412e-10	-53666.3	0
322000	-7.35314e-10	-52231.4	0
323000	-3.88527e-10	-49180	0
324000	2.15848e-10	-46779.1	0
325000	3.27193e-10	-46782.4	0
326000	-1.26507e-10	-49148.8	0
327000	-5.00059e-10	-52101.5	0
328000	-5.54777e-10	-53462.4	0
329000	-3.29992e-10	-52257.9	0
330000	4.86796e-11	-49413.6	0
331000	3.04506e-10	-47045	0
332000	1.31111e-10	-46885	0
333000	-3.72202e-10	-49015.7	0
334000	-6.68289e-10	-51834.4	0
335000	-2.52827e-10	-53259.6	0
336000	3.61001e-10	-52267	0
337000	3.46622e-10	-49624.5	0
338000	-2.25901e-10	-47299.6	0
339000	-6.51887e-10	-46995.8	0
340000	-4.48532e-10	-48903.8	0
341000	-3.26685e-11	-51585.9	0
342000	1.63007e-10	-53059.1	0
343000	8.93052e-11	-52260.8	0
344000	-2.27158e-10	-49813.9	0
345000	-5.14606e-10	-47542.5	0
346000	-3.95818e-10	-47113	0
347000	9.50281e-11	-48811.5	0
348000	4.11211e-10	-51355.4	0
349000	1.6967e-10	-52861.9	0
350000	-4.0774e-10	-52241.2	0
351000	-6.24873e-10	-49983.3	0
352000	-2.56945e-10	-47773.4	0
353000	2.22013e-10	-47234.9	0
354000	2.68849e-10	-48736.8	0
355000	-1.45561e-10	-51142.3	0
356000	-5.42596e-10	-52669.2	0
357000	-5.97481e-10	-52209.9	0
358000	-2.3746e-10	-50133.8	0
359000	2.56026e-10	-47992.3	0
360000	3.5225e-10	-47360.3	0
361000	-1.14681e-11	-48678.2	0
362000	-5.19771e-10	-50945.9	0
363000	-5.07894e-10	-52481.4	0
364000	-2.84041e-11	-52168.6	0
365000	3.72266e-10	-50266.8	0
366000	2.27206e-10	-48199.1	0
367000	-2.71045e-10	-47487.9	0
368000	-5.69087e-10	-48634.2	0
369000	-4.07131e-10	-50765.5	0
370000	8.74877e-12	-52299.5	0
371000	2.6457e-10	-52118.6	0
372000	1.28354e-10	-50383.4	0
373000	-1.9262e-10	-48393.9	0
374000	-4.70768e-10	-47616.6	0
375000	-3.16106e-10	-48603.4	0
376000	2.36513e-10	-50600.4	0
377000	5.54869e-10	-52123.7	0
378000	1.34563e-10	-52061.4	0
379000	-5.54862e-10	-50484.8	0
380000	-5.89616e-10	-48576.9	0
381000	-7.19048e-12	-47745.4	0
382000	3.44564e-10	-48584.3	0
383000	1.02186e-10	-50450	0
384000	-2.86038e-10	-51954.5	0
385000	-4.26952e-10	-51998.1	0
386000	-3.2254e-10	-50572.2	0
387000	-1.50977e-10	-48748.3	0
388000	1.73711e-10	-47873.5	0
389000	3.74317e-10	-48575.8	0
390000	3.87155e-11	-50313.4	0
391000	-5.62561e-10	-51792.3	0
392000	-6.16335e-10	-51929.8	0
393000	9.43149e-11	-50646.5	0
394000	6.35985e-10	-48908.3	0
395000	1.59964e-10	-48000.3	0
396000	-6.24762e-10	-48576.7	0
397000	-7.15913e-10	-50189.9	0
398000	-1.39199e-10	-51637.2	0
399000	1.70173e-10	-51857.6	0
400000	4.67422e-11	-50708.8	0
401000	-1.2155e-10	-49057.3	0
402000	-1.97689e-10	-48125	0
403000	-3.74769e-10	-48586	0
404000	-3.42847e-10	-50078.8	0
405000	1.40567e-10	-51489.4	0
406000	5.41896e-10	-51782.3	0
407000	1.34918e-10	-50760.2	0
408000	-6.1876e-10	-49195.5	0
409000	-6.65269e-10	-48247.2	0
410000	3.30298e-11	-48602.6	0
411000	4.55834e-10	-49979.4	0
412000	4.46435e-11	-51348.9	0
413000	-5.54493e-10	-51704.6	0
414000	-5.73942e-10	-50801.4	0
415000	-2.49272e-10	-49323.4	0
416000	-4.68366e-12	-48366.3	0
417000	1.42943e-10	-48625.5	0
418000	2.21321e-10	-49890.9	0
419000	-6.54119e-11	-51215.9	0
420000	-5.2716e-10	-51625.5	0
421000	-5.53613e-10	-50833.5	0
422000	7.2531e-11	-49441.3	0
423000	5.81776e-10	-48482	0
424000	1.49933e-10	-48654.1	0
425000	-7.29986e-10	-49812.7	0
426000	-8.65259e-10	-51090.2	0
427000	-1.03319e-10	-51545.5	0
428000	4.0816e-10	-50857.2	0
429000	1.02003e-10	-49549.6	0
430000	-3.77366e-10	-48594	0
431000	-4.16262e-10	-48687.4	0
432000	-2.40083e-10	-49744.1	0
433000	-1.68772e-10	-50971.8	0
434000	9.07996e-11	-51465.1	0
435000	3.41352e-10	-50873.3	0
436000	8.71696e-11	-49648.8	0
437000	-5.84936e-10	-48702.1	0
438000	-7.29072e-10	-48724.7	0
439000	-2.45935e-11	-49684.4	0
440000	5.2879e-10	-50860.6	0
441000	9.55975e-11	-51384.9	0
442000	-7.13167e-10	-50882.6	0
443000	-7.49404e-10	-49739.3	0
444000	-1.44626e-10	-48805.9	0
445000	1.90794e-10	-48765.4	0
446000	1.85394e-11	-49633.1	0
447000	-1.63149e-10	-50756.4	0
448000	-2.42329e-10	-51305.4	0
449000	-4.39079e-10	-50885.8	0
450000	-5.33281e-10	-49821.5	0
451000	-5.07158e-11	-48905.4	0
452000	4.50348e-10	-48808.8	0
453000	1.11e-10	-49589.4	0
454000	-7.22068e-10	-50659.2	0
455000	-8.68985e-10	-51227	0
456000	-2.69139e-11	-50883.5	0
457000	5.43031e-10	-49895.8	0
458000	1.41838e-10	-49000.5	0
459000	-5.5893e-10	-48854.4	0
460000	-5.60569e-10	-49552.8	0
461000	-1.68242e-10	-50568.7	0
462000	-5.86045e-11	-51149.9	0
463000	-1.06687e-10	-50876.3	0
464000	-4.05299e-12	-49962.7	0
465000	-9.42752e-11	-49091.1	0
466000	-5.90043e-10	-48901.7	0
467000	-7.80085e-10	-49522.8	0
468000	-1.3286e-10	-50484.6	0
469000	5.19656e-10	-51074.6	0
470000	1.3706e-10	-50864.8	0
471000	-7.39792e-10	-50022.5	0
472000	-8.5321e-10	-49177.1	0
473000	-8.19542e-11	-48950.2	0
474000	3.58866e-10	-49498.8	0
475000	2.39824e-11	-50406.9	0
476000	-4.09304e-10	-51001.1	0
477000	-4.82591e-10	-50849.7	0
478000	-4.21218e-10	-50075.8	0
479000	-3.28417e-10	-49258.6	0
480000	-2.38922e-11	-48999.5	0
481000	2.17707e-10	-49480.2	0
482000	-5.68712e-11	-50335.2	0
483000	-6.74284e-10	-50929.9	0
484000	-7.60895e-10	-50831.2	0
485000	-3.37986e-11	-50122.9	0
486000	5.42708e-10	-49335.5	0
487000	1.36646e-10	-49049.3	0
488000	-6.41797e-10	-49466.6	0
489000	-7.18108e-10	-50269.3	0
490000	-2.17211e-10	-50861	0
491000	6.06036e-11	-50810	0
492000	-4.54125e-13	-50164.2	0
493000	-1.17017e-10	-49407.9	0
494000	-3.0615e-10	-49099.1	0
495000	-5.04028e-10	-49457.6	0
496000	-4.71971e-10	-50209	0
497000	2.62471e-11	-50794.6	0
498000	4.37458e-10	-50786.4	0
499000	3.60416e-11	-50200.1	0
500000	-6.97983e-10	-49476	0
501000	-7.15386e-10	-49148.7	0
502000	-4.28536e-11	-49452.6	0
503000	3.35573e-10	-50154	0
504000	4.44233e-12	-50730.7	0
505000	-4.28497e-10	-50760.8	0
506000	-5.41488e-10	-50231	0
507000	-4.33083e-10	-49539.7	0
508000	-1.94769e-10	-49197.9	0
509000	1.40169e-10	-49451.3	0
510000	1.86906e-10	-50104	0
511000	-2.0677e-10	-50669.6	0
512000	-6.70507e-10	-50733.7	0
513000	-5.82228e-10	-50257.2	0
514000	7.0855e-11	-49599.2	0
515000	3.86049e-10	-49246.4	0
516000	-4.91966e-11	-49453.3	0
517000	-6.22502e-10	-50058.8	0
518000	-6.8406e-10	-50611.2	0
519000	-2.56903e-10	-50705.2	0
520000	9.96782e-11	-50279.1	0
521000	1.1626e-10	-49654.5	0
522000	-1.31968e-10	-49293.9	0
523000	-4.4662e-10	-49458.2	0
524000	-5.86818e-10	-50018.2	0
525000	-3.42486e-10	-50555.6	0
526000	1.27443e-10	-50675.8	0
527000	2.63936e-10	-50297.1	0
528000	-1.99637e-10	-49705.9	0
529000	-7.66927e-10	-49340.4	0
530000	-6.792e-10	-49465.7	0
531000	-1.11906e-11	-49981.8	0
532000	3.03518e-10	-50502.9	0
533000	-1.50983e-11	-50645.7	0
534000	-4.87038e-10	-50311.4	0
535000	-5.63912e-10	-49753.4	0
536000	-2.88961e-10	-49385.7	0
537000	-2.14492e-11	-49475.4	0
538000	1.23812e-10	-49949.4	0
539000	3.02289e-13	-50452.9	0
540000	-3.7457e-10	-50615.2	0
541000	-7.08539e-10	-50322.4	0
542000	-5.33366e-10	-49797.3	0
543000	4.13592e-11	-49429.5	0
544000	3.87999e-10	-49487.1	0
545000	-6.10756e-11	-49920.8	0
546000	-6.98608e-10	-50405.7	0
547000	-7.10008e-10	-50584.4	0
548000	-1.03423e-10	-50330.4	0
549000	3.10091e-10	-49837.5	0
550000	1.33144e-10	-49472	0
551000	-3.02421e-10	-49500.5	0
552000	-5.34957e-10	-49895.8	0
553000	-4.71466e-10	-50361.3	0
554000	-1.79024e-10	-50553.6	0
555000	9.89667e-11	-50335.7	0
556000	1.50853e-10	-49874.4	0
557000	-2.13514e-10	-49512.8	0
558000	-7.13289e-10	-49515.2	0
559000	-6.09293e-10	-49874	0
560000	5.60625e-11	-50319.5	0
561000	4.42028e-10	-50522.9	0
562000	3.12983e-11	-50338.4	0
563000	-6.13781e-10	-49908	0
564000	-6.65006e-10	-49552.1	0
565000	-1.67346e-10	-49531.2	0
566000	1.95846e-10	-49855.3	0
567000	6.92978e-11	-50280.5	0
568000	-1.35169e-10	-50492.5	0
569000	-3.60671e-10	-50339	0
570000	-5.32732e-10	-49938.5	0
571000	-4.80819e-10	-49589.7	0
572000	1.77959e-11	-49548.1	0
573000	3.56239e-10	-49839.4	0
574000	-4.89882e-11	-50244	0
575000	-7.71627e-10	-50462.7	0
576000	-7.73809e-10	-50337.5	0
577000	-2.15229e-11	-49966.1	0
578000	4.58585e-10	-49625.6	0
579000	7.70485e-11	-49565.8	0
580000	-5.42828e-10	-49826.1	0
581000	-6.50386e-10	-50210.1	0
582000	-3.06779e-10	-50433.3	0
583000	-7.84795e-12	-50334.3	0
584000	6.70727e-11	-49991	0
585000	1.4992e-11	-49659.7	0
586000	-2.73064e-10	-49584	0
587000	-6.40299e-10	-49815.3	0
588000	-5.26878e-10	-50178.6	0
589000	5.46157e-11	-50404.7	0
590000	4.85946e-10	-50329.5	0
591000	7.52761e-11	-50013.2	0
592000	-6.7855e-10	-49692.2	0
593000	-7.03818e-10	-49602.6	0
594000	-3.68776e-11	-49806.7	0
595000	3.98989e-10	-50149.5	0
596000	7.19424e-11	-50376.8	0
597000	-4.20995e-10	-50323.3	0
598000	-5.32662e-10	-50032.9	0
599000	-3.87137e-10	-49722.9	0
600000	-2.12893e-10	-49621.6	0
601000	1.82804e-11	-49800.1	0
602000	1.85213e-10	-50122.7	0
603000	-1.18624e-10	-50349.8	0
604000	-6.78371e-10	-50316	0
605000	-6.43293e-10	-50050.3	0
606000	5.28982e-11	-49751.9	0
607000	5.16816e-10	-49640.6	0
608000	5.94144e-11	-49795.3	0
609000	-6.00618e-10	-50098	0
610000	-6.78095e-10	-50323.7	0
611000	-2.28942e-10	-50307.7	0
612000	1.24237e-10	-50065.6	0
613000	1.06429e-10	-49779.1	0
614000	-7.66371e-11	-49659.6	0
615000	-3.20385e-10	-49792.3	0
616000	-5.21255e-10	-50075.5	0
617000	-3.38008e-10	-50298.5	0
618000	1.77919e-10	-50298.5	0
619000	4.18774e-10	-50078.9	0
620000	-3.95068e-12	-49804.7	0
621000	-6.73121e-10	-49678.6	0
622000	-6.6809e-10	-49790.7	0
623000	-3.63047e-11	-50054.9	0
624000	3.41742e-10	-50274.4	0
625000	3.74687e-11	-50288.5	0
626000	-4.75538e-10	-50090.2	0
627000	-5.94256e-10	-49828.7	0
628000	-3.13275e-10	-49697.3	0
629000	-3.47366e-11	-49790.5	0
630000	1.54611e-10	-50036.2	0
631000	1.73677e-10	-50251.3	0
632000	-2.39114e-10	-50278.1	0
633000	-6.99786e-10	-50099.9	0
634000	-5.40153e-10	-49851.1	0
635000	1.19631e-10	-49715.7	0
636000	4.21252e-10	-49791.5	0
637000	-7.24555e-11	-50019.3	0
638000	-7.08505e-10	-50229.2	0
639000	-6.5412e-10	-50267.1	0
640000	-9.92477e-11	-50107.9	0
641000	2.85267e-10	-49871.9	0
642000	1.2985e-10	-49733.8	0
643000	-2.24298e-10	-49793.6	0
644000	-4.01842e-10	-50004.2	0
645000	-4.40542e-10	-50208.2	0
646000	-2.87136e-10	-50255.8	0
647000	1.05906e-10	-50114.5	0
648000	2.52633e-10	-49891.2	0
649000	-1.6968e-10	-49751.4	0
650000	-7.86773e-10	-49796.7	0
651000	-7.12744e-10	-49990.6	0
652000	4.40317e-11	-50188.3	0
653000	4.40097e-10	-50244.3	0
654000	-5.31296e-11	-50119.7	0
655000	-6.28241e-10	-49909	0
656000	-5.57502e-10	-49768.6	0
657000	-1.81816e-10	-49800.5	0
658000	6.54077e-11	-49978.5	0
659000	4.93091e-11	-50169.4	0
660000	-2.6327e-11	-50232.6	0
661000	-3.05149e-10	-50123.7	0
662000	-6.3452e-10	-49925.5	0
663000	-5.33596e-10	-49785.3	0
664000	1.04057e-10	-49805.1	0
665000	3.81833e-10	-49967.9	0
666000	-1.69332e-10	-50151.6	0
667000	-8.293e-10	-50220.8	0
668000	-6.5296e-10	-50126.5	0
669000	-5.45577e-12	-49940.6	0
670000	2.80998e-10	-49801.3	0
671000	2.83839e-12	-49810.3	0
672000	-3.47592e-10	-49958.6	0
673000	-5.21673e-10	-50134.9	0
674000	-4.61271e-10	-50209.1	0
675000	-2.16091e-10	-50128.3	0
676000	1.33674e-10	-49954.4	0
677000	1.3774e-10	-49816.8	0
678000	-4.19726e-10	-49816.1	0
679000	-8.86037e-10	-49950.5	0
680000	-6.41115e-10	-50119.1	0
681000	1.01442e-10	-50197.4	0
682000	3.62136e-10	-50129.2	0
683000	-1.38891e-10	-49967	0
684000	-6.68864e-10	-49831.7	0
685000	-5.48603e-10	-49822.2	0
686000	-1.12923e-10	-49943.6	0
687000	1.58672e-10	-50104.4	0
688000	6.78393e-11	-50185.8	0
689000	-1.56748e-10	-50129.2	0
690000	-4.57585e-10	-49978.5	0
691000	-6.45849e-10	-49845.9	0
692000	-3.78968e-10	-49828.7	0
693000	1.5035e-10	-49937.7	0
694000	2.98991e-10	-50090.7	0
695000	-2.01568e-10	-50174.5	0
696000	-7.53483e-10	-50128.5	0
697000	-5.49223e-10	-49988.8	0
698000	1.98405e-10	-49859.5	0
699000	4.77916e-10	-49835.5	0
700000	7.89352e-11	-49932.8	0
701000	-4.44483e-10	-50077.9	0
702000	-5.11819e-10	-50163.3	0
703000	-2.13781e-10	-50127.2	0
704000	4.04021e-11	-49998.1	0
705000	9.68681e-11	-49872.4	0
706000	-2.13884e-11	-49842.5	0
707000	-3.69208e-10	-49928.9	0
708000	-6.75109e-10	-50066.1	0
709000	-5.34982e-10	-50152.4	0
710000	1.28372e-10	-50125.3	0
711000	4.73341e-10	-50006.4	0
712000	-9.0663e-12	-49884.6	0
713000	-6.62717e-10	-49849.6	0
714000	-5.76378e-10	-49925.7	0
715000	8.98941e-11	-50055.1	0
716000	3.90802e-10	-50141.9	0
717000	8.74647e-11	-50122.8	0
718000	-3.62519e-10	-50013.7	0
719000	-5.77848e-10	-49896.2	0
720000	-5.36202e-10	-49856.9	0
721000	-2.18248e-10	-49923.3	0
722000	1.14583e-10	-50045.1	0
723000	1.21385e-10	-50131.6	0
724000	-3.20731e-10	-50120	0
725000	-7.07538e-10	-50020.2	0
726000	-4.65897e-10	-49907.2	0
727000	2.41462e-10	-49864.1	0
728000	5.20928e-10	-49921.6	0
729000	5.65713e-11	-50035.8	0
730000	-5.01966e-10	-50121.7	0
731000	-4.8795e-10	-50116.7	0
732000	-1.25971e-10	-50025.9	0
733000	1.22149e-10	-49917.4	0
734000	1.18747e-10	-49871.4	0
735000	-7.76258e-11	-49920.6	0
736000	-4.76674e-10	-50027.3	0
737000	-6.60254e-10	-50112.2	0
738000	-3.07039e-10	-50113.2	0
739000	2.76229e-10	-50030.8	0
740000	3.91792e-10	-49927.1	0
741000	-1.69912e-10	-49878.6	0
742000	-7.04091e-10	-49920.1	0
743000	-4.59785e-10	-50019.6	0
744000	2.32298e-10	-50103.1	0
745000	4.28282e-10	-50109.3	0
746000	1.53734e-11	-50035	0
747000	-3.63476e-10	-49936.1	0
748000	-4.31362e-10	-49885.7	0
749000	-3.35463e-10	-49920.1	0
750000	-4.1676e-11	-50012.6	0
751000	2.74087e-10	-50094.3	0
752000	2.32936e-10	-50105.3	0
753000	-2.78551e-10	-50038.6	0
754000	-6.31996e-10	-49944.6	0
755000	-2.99695e-10	-49892.7	0
756000	3.82221e-10	-49920.5	0
757000	6.10037e-10	-50006.3	0
758000	4.90637e-11	-50086	0
759000	-5.19692e-10	-50101.1	0
760000	-4.0075e-10	-50041.6	0
761000	1.11353e-10	-49952.4	0
762000	3.99892e-10	-49899.6	0
763000	2.1966e-10	-49921.4	0
764000	-1.5889e-10	-50000.6	0
765000	-3.84839e-10	-50078	0
766000	-3.27152e-10	-50096.8	0
767000	-6.15349e-12	-50044	0
768000	3.42563e-10	-49959.7	0
769000	3.60214e-10	-49906.3	0
770000	-7.41979e-11	-49922.6	0
771000	-5.10087e-10	-49995.5	0
772000	-3.96945e-10	-50070.5	0
773000	1.97647e-10	-50092.4	0
774000	5.33728e-10	-50045.9	0
775000	1.23768e-10	-49966.4	0
776000	-5.30164e-10	-49912.8	0
777000	-6.39904e-10	-49924.2	0
778000	-1.48694e-10	-49991	0
779000	2.78353e-10	-50063.4	0
780000	2.47609e-10	-50087.9	0
781000	-5.4379e-11	-50047.3	0
782000	-3.15349e-10	-49972.6	0
783000	-3.79976e-10	-49919.1	0
784000	-1.18408e-10	-49926	0
785000	3.0599e-10	-49987.1	0
786000	4.35047e-10	-50056.7	0
787000	7.5014e-11	-50083.4	0
788000	-4.82938e-10	-50048.3	0
789000	-5.82718e-10	-49978.2	0
790000	-1.17092e-11	-49925.2	0
791000	5.12758e-10	-49928	0
792000	2.46152e-10	-49983.6	0
793000	-4.13962e-10	-50050.3	0
794000	-6.28556e-10	-50078.9	0
795000	-1.65106e-10	-50049	0
796000	2.97957e-10	-49983.4	0
797000	3.79139e-10	-49931.1	0
798000	1.22537e-10	-49930.2	0
799000	-1.78483e-10	-49980.6	0
800000	-3.55552e-10	-50044.4	0
801000	-1.96316e-10	-50074.5	0
802000	2.28889e-10	-50049.2	0
803000	4.91221e-10	-49988.1	0
804000	1.57948e-10	-49936.7	0
805000	-5.21917e-10	-49932.6	0
806000	-6.25158e-10	-49978	0
807000	-4.96528e-11	-50038.9	0
808000	4.84511e-10	-50070.1	0
809000	3.02778e-10	-50049.2	0
810000	-1.7786e-10	-49992.4	0
811000	-3.83678e-10	-49942.1	0
812000	-2.03131e-10	-49935.1	0
813000	1.04578e-10	-49975.9	0
814000	3.2815e-10	-50033.7	0
815000	3.34956e-10	-50065.8	0
816000	-5.53464e-11	-50048.9	0
817000	-5.28194e-10	-49996.3	0
818000	-5.16376e-10	-49947.2	0
819000	1.33772e-10	-49937.7	0
820000	5.62985e-10	-49974.1	0
821000	1.91224e-10	-50028.9	0
822000	-4.94613e-10	-50061.5	0
823000	-5.23008e-10	-50048.3	0
824000	4.29652e-11	-49999.8	0
825000	4.72365e-10	-49952.1	0
826000	3.72755e-10	-49940.3	0
827000	4.37307e-11	-49972.6	0
828000	-2.32529e-10	-50024.4	0
829000	-3.4719e-10	-50057.4	0
830000	-1.99515e-10	-50047.6	0
831000	2.06867e-10	-50002.9	0
832000	3.97689e-10	-49956.7	0
833000	-3.72977e-11	-49943.1	0
834000	-5.8501e-10	-49971.5	0
835000	-5.17498e-10	-50020.3	0
836000	8.38885e-11	-50053.4	0
837000	5.49667e-10	-50046.6	0
838000	3.56467e-10	-50005.6	0
839000	-2.08058e-10	-49961.1	0
840000	-3.79588e-10	-49945.8	0
841000	-1.50537e-10	-49970.6	0
842000	1.85397e-10	-50016.5	0
843000	3.01847e-10	-50049.5	0
844000	1.16018e-10	-50045.5	0
845000	-2.48732e-10	-50008	0
846000	-5.59276e-10	-49965.2	0
847000	-4.1707e-10	-49948.6	0
848000	1.43577e-10	-49970	0
849000	4.88433e-10	-50013	0
850000	1.37192e-10	-50045.7	0
851000	-4.88576e-10	-50044.2	0
852000	-4.98506e-10	-50010.2	0
853000	8.99626e-11	-49969.1	0
854000	5.13044e-10	-49951.4	0
855000	3.544e-10	-49969.6	0
856000	-1.09851e-10	-50009.9	0
857000	-3.73181e-10	-50042.1	0
858000	-3.28703e-10	-50042.9	0
859000	-8.04313e-11	-50012	0
860000	2.05744e-10	-49972.8	0
861000	2.42143e-10	-49954.1	0
862000	-1.81023e-10	-49969.5	0
863000	-6.30309e-10	-50007	0
864000	-4.96293e-10	-50038.7	0
865000	1.8628e-10	-50041.4	0
866000	5.90161e-10	-50013.6	0
867000	1.83017e-10	-49976.2	0
868000	-3.8407e-10	-49956.8	0
869000	-4.64688e-10	-49969.5	0
870000	-8.07796e-11	-50004.3	0
871000	2.54176e-10	-50035.4	0
872000	2.66694e-10	-50039.8	0
873000	1.34909e-11	-50014.9	0
874000	-3.90298e-10	-49979.3	0
875000	-5.86095e-10	-49959.5	0
876000	-3.22265e-10	-49969.7	0
877000	2.08625e-10	-50002	0
878000	3.83254e-10	-50032.2	0
879000	-1.50141e-10	-50038.2	0
880000	-6.83753e-10	-50016	0
881000	-5.36891e-10	-49982.3	0
882000	8.44839e-11	-49962.1	0
883000	4.32604e-10	-49970.1	0
884000	1.7376e-10	-49999.8	0
885000	-2.72208e-10	-50029.2	0
886000	-4.4729e-10	-50036.6	0
887000	-3.23428e-10	-50016.9	0
888000	-4.1134e-11	-49985	0
889000	2.50131e-10	-49964.6	0
890000	1.96079e-10	-49970.5	0
891000	-3.06185e-10	-49997.9	0
892000	-7.03854e-10	-50026.4	0
893000	-4.23139e-10	-50034.9	0
894000	3.20771e-10	-50017.6	0
895000	5.43946e-10	-49987.5	0
896000	-2.59932e-12	-49967.1	0
897000	-4.717e-10	-49971.1	0
898000	-3.50842e-10	-49996.3	0
899000	3.34188e-11	-50023.7	0
900000	2.57804e-10	-50033.2	0
901000	1.88132e-10	-50018.1	0
902000	-5.30908e-11	-49989.9	0
903000	-3.88591e-10	-49969.5	0
904000	-5.87502e-10	-49971.8	0
905000	-2.57745e-10	-49994.8	0
906000	3.40026e-10	-50021.1	0
907000	4.00295e-10	-50031.5	0
908000	-2.85631e-10	-50018.4	0
909000	-7.21973e-10	-49992	0
910000	-2.86237e-10	-49971.8	0
911000	2.9979e-10	-49972.6	0
912000	3.92995e-10	-49993.5	0
913000	-2.03913e-11	-50018.8	0
914000	-3.30668e-10	-50029.8	0
915000	-3.35457e-10	-50018.6	0
916000	-2.89908e-10	-49993.9	0
917000	-6.4644e-11	-49974	0
918000	2.5422e-10	-49973.5	0
919000	1.95192e-10	-49992.4	0
920000	-3.62007e-10	-50016.5	0
921000	-7.39303e-10	-50028.1	0
922000	-2.70078e-10	-50018.7	0
923000	4.86675e-10	-49995.7	0
924000	4.97812e-10	-49976.2	0
925000	-2.01842e-10	-49974.4	0
926000	-6.34268e-10	-49991.4	0
927000	-3.32088e-10	-50014.4	0
928000	1.37666e-10	-50026.4	0
929000	2.20722e-10	-50018.7	0
930000	1.22038e-10	-49997.3	0
931000	-7.41155e-11	-49978.2	0
932000	-3.99992e-10	-49975.4	0
933000	-5.06665e-10	-49990.6	0
934000	-6.38524e-11	-50012.5	0
935000	4.79151e-10	-50024.8	0
936000	3.51854e-10	-50018.6	0
937000	-3.44771e-10	-49998.8	0
938000	-6.4458e-10	-49980.1	0
939000	-1.83926e-10	-49976.4	0
940000	3.6293e-10	-49990	0
941000	3.57327e-10	-50010.7	0
942000	-8.23281e-11	-50023.1	0
943000	-4.15038e-10	-50018.3	0
944000	-4.26148e-10	-50000.1	0
945000	-2.03454e-10	-49982	0
946000	7.42538e-11	-49977.4	0
947000	3.00113e-10	-49989.4	0
948000	4.08298e-11	-50009	0
949000	-4.67425e-10	-50021.6	0
950000	-5.99337e-10	-50018	0
951000	-3.97047e-11	-50001.2	0
952000	5.1151e-10	-49983.7	0
953000	3.5794e-10	-49978.4	0
954000	-2.46553e-10	-49989	0
955000	-5.50701e-10	-50007.4	0
956000	-3.19211e-10	-50020.1	0
957000	1.62394e-10	-50017.7	0
958000	2.56634e-10	-50002.3	0
959000	-5.6592e-12	-49985.4	0
960000	-2.89773e-10	-49979.5	0
961000	-4.2403e-10	-49988.7	0
962000	-3.6644e-10	-50006	0
963000	2.55495e-11	-50018.6	0
964000	4.17985e-10	-50017.2	0
965000	2.5397e-10	-50003.2	0
966000	-3.1631e-10	-49986.9	0
967000	-5.93919e-10	-49980.5	0
968000	-1.25402e-10	-49988.5	0
969000	4.28066e-10	-50004.7	0
970000	3.33818e-10	-50017.2	0
971000	-2.35518e-10	-50016.7	0
972000	-5.77967e-10	-50004	0
973000	-4.69491e-10	-49988.4	0
974000	-8.29095e-11	-49981.6	0
975000	1.78981e-10	-49988.4	0
976000	1.67235e-10	-50003.5	0
977000	-1.24645e-10	-50015.8	0
978000	-4.69148e-10	-50016.2	0
979000	-4.59298e-10	-50004.6	0
980000	3.58146e-11	-49989.8	0
981000	4.80778e-10	-49982.6	0
982000	3.50991e-10	-49988.3	0
983000	-3.27366e-10	-50002.4	0
984000	-6.69696e-10	-50014.5	0
985000	-2.55426e-10	-50015.6	0
986000	3.00063e-10	-50005.2	0
987000	3.04693e-10	-49991.1	0
988000	-1.19835e-10	-49983.7	0
989000	-4.37479e-10	-49988.3	0
990000	-4.68758e-10	-50001.4	0
991000	-2.61694e-10	-50013.2	0
992000	5.95489e-11	-50015	0
993000	3.1514e-10	-50005.7	0
994000	1.28482e-10	-49992.3	0
995000	-4.3967e-10	-49984.7	0
996000	-6.70758e-10	-49988.4	0
997000	-1.56812e-10	-50000.6	0
998000	4.6208e-10	-50012	0
999000	3.60877e-10	-50014.4	0
1e+06	-3.76539e-10	-50006.1	0
