0.0525	0.0775	0	
0	-0	-0	0
1000	1.02653e-14	-46.6069	0
2000	4.1892e-14	-1080.3	0
3000	1.26337e-13	-1003.36	0
4000	-1.19656e-13	-850.626	0
5000	-6.85022e-14	135.077	0
6000	8.14883e-14	-41.546	0
7000	2.9539e-14	-269.665	0
8000	1.68121e-13	-1177.7	0
9000	2.80092e-13	-913.968	0
10000	1.44352e-13	-601.187	0
11000	1.20948e-12	218.267	0
12000	4.18926e-13	-120.477	0
13000	-6.32523e-13	-496.223	0
14000	-1.94668e-13	-1184.31	0
15000	1.00453e-12	-797.25	0
16000	8.56957e-13	-388.274	0
17000	-1.36247e-13	173.524	0
18000	-8.62679e-14	-226.793	0
19000	4.91446e-13	-690.143	0
20000	1.45588e-13	-1142.23	0
21000	-1.46479e-12	-731.822	0
22000	-1.13572e-13	-221.769	0
23000	8.78373e-13	86.3518	0
24000	1.1604e-12	-325.904	0
25000	3.32737e-13	-865.848	0
26000	4.13335e-13	-1058.4	0
27000	-4.38238e-13	-681.108	0
28000	4.44843e-13	-81.0684	0
29000	-2.32337e-13	15.8617	0
30000	-2.3583e-13	-369.442	0
31000	4.59257e-13	-1034.32	0
32000	2.77812e-13	-978.017	0
33000	6.50256e-13	-572.221	0
34000	-1.50492e-13	111.294	0
35000	2.92676e-12	-81.6892	0
36000	1.78656e-12	-463.2	0
37000	-1.59212e-12	-1165.56	0
38000	4.48052e-13	-849.691	0
39000	1.15196e-12	-442.426	0
40000	-2.70806e-12	274.571	0
41000	3.52637e-12	-215.28	0
42000	2.59254e-12	-640.088	0
43000	8.78883e-13	-1290.73	0
44000	-2.35077e-12	-656.365	0
45000	1.83695e-12	-277.941	0
46000	6.37973e-13	305.309	0
47000	1.19747e-12	-436.598	0
48000	6.44275e-13	-811.777	0
49000	6.98646e-13	-1324.72	0
50000	-4.48043e-13	-450.94	0
51000	4.2231e-12	-112.541	0
52000	-2.60107e-12	241.455	0
53000	-1.14582e-12	-709.477	0
54000	3.87827e-12	-940.252	0
55000	9.742e-12	-1172.44	0
56000	-6.14515e-13	-226.106	0
57000	2.59357e-12	-46.4995	0
58000	2.35499e-12	96.035	0
59000	1.36938e-12	-868.39	0
60000	-3.07829e-12	-988.789	0
61000	1.53306e-12	-972.361	0
62000	2.58049e-12	-36.4993	0
63000	1.05856e-12	-14.3	0
64000	-2.86109e-12	-124.609	0
65000	-1.41431e-12	-957.266	0
66000	7.87942e-14	-952.849	0
67000	3.57235e-12	-778.178	0
68000	1.25295e-12	6.8385	0
69000	1.17845e-13	-12.4889	0
70000	4.79813e-13	-320.842	0
71000	-1.82164e-12	-1026.59	0
72000	1.85459e-12	-954.354	0
73000	3.64604e-12	-576.98	0
74000	8.30858e-12	-4.14442	0
75000	-1.55204e-12	-59.9143	0
76000	-6.19063e-12	-501.494	0
77000	-5.25827e-12	-1028.23	0
78000	-5.32118e-13	-990.738	0
79000	1.66243e-12	-406.722	0
80000	-8.352e-13	39.3806	0
81000	-2.00202e-12	-56.4358	0
82000	1.46689e-12	-731.618	0
83000	-5.29034e-13	-1033.91	0
84000	2.39616e-12	-928.612	0
85000	-2.07336e-12	-184.024	0
86000	4.18757e-13	46.5103	0
87000	-2.48714e-12	-76.7498	0
88000	7.86336e-13	-938.264	0
89000	-1.79204e-13	-1039.31	0
90000	-2.50958e-12	-817.901	0
91000	-4.5074e-12	88.5025	0
92000	2.33829e-12	7.35787	0
93000	-5.46951e-12	-245.488	0
94000	-4.46042e-12	-1144.73	0
95000	4.4879e-12	-949.263	0
96000	7.46207e-12	-665.569	0
97000	-5.57842e-12	254.986	0
98000	-6.37071e-12	-99.0976	0
99000	-2.69207e-13	-471.552	0
100000	-3.69135e-12	-1327.88	0
101000	1.83419e-12	-794.542	0
102000	2.32658e-12	-433.918	0
103000	-2.78491e-12	298.764	0
104000	1.65299e-12	-321.31	0
105000	-1.92171e-12	-659.494	0
106000	2.23988e-12	-1319.27	0
107000	-7.08757e-13	-616.893	0
108000	1.57208e-12	-256.177	0
109000	-1.80587e-12	277.573	0
110000	-3.64391e-12	-505.638	0
111000	5.17428e-13	-811.961	0
112000	7.64534e-12	-1190.6	0
113000	2.85878e-12	-415.819	0
114000	7.98931e-13	-144.905	0
115000	8.27185e-13	154.57	0
116000	-6.50115e-12	-607.867	0
117000	-2.69406e-12	-895.132	0
118000	2.90998e-12	-1068.65	0
119000	6.96516e-12	-302.939	0
120000	-5.74775e-12	-44.6672	0
121000	-5.26651e-12	-7.9158	0
122000	-2.21794e-12	-711.078	0
123000	2.04354e-12	-968.1	0
124000	5.75578e-12	-934.072	0
125000	3.75888e-12	-277.632	0
126000	-4.72906e-13	24.8919	0
127000	-5.31282e-12	-140.974	0
128000	-4.19465e-12	-795.215	0
129000	-6.14554e-13	-1098.1	0
130000	7.71883e-12	-779.524	0
131000	4.25621e-12	-183.954	0
132000	-4.33324e-12	107.254	0
133000	-5.9036e-12	-328.814	0
134000	1.0867e-12	-873.045	0
135000	7.84767e-12	-1164.37	0
136000	-6.62961e-13	-570.402	0
137000	-2.04036e-12	-57.5296	0
138000	-8.2741e-12	182.233	0
139000	-7.20016e-12	-564.397	0
140000	-7.18025e-12	-974.136	0
141000	-4.22936e-13	-1134.97	0
142000	6.09046e-12	-284.818	0
143000	2.79883e-13	22.6908	0
144000	-5.05004e-12	122.713	0
145000	-1.15536e-12	-825.821	0
146000	1.47486e-12	-1030.59	0
147000	6.52208e-12	-1033.63	0
148000	3.56889e-12	-20.3818	0
149000	-4.48587e-12	27.1543	0
150000	-1.14354e-11	-74.1855	0
151000	-4.1897e-12	-1087.64	0
152000	3.90686e-12	-990.862	0
153000	7.82109e-12	-835.798	0
154000	2.62408e-12	140.256	0
155000	-5.03895e-12	-76.5633	0
156000	-3.05596e-12	-289.154	0
157000	4.62855e-12	-1213.7	0
158000	8.4586e-12	-884.251	0
159000	8.38441e-12	-623.836	0
160000	-1.55238e-12	216.195	0
161000	-7.99259e-12	-194.057	0
162000	-1.03359e-11	-470.321	0
163000	4.29105e-12	-1206.86	0
164000	3.9626e-13	-747.625	0
165000	-4.31547e-12	-444.525	0
166000	-8.87449e-12	207.115	0
167000	1.9459e-12	-275.087	0
168000	1.54979e-12	-612.536	0
169000	3.08e-13	-1162.81	0
170000	9.23252e-12	-663.099	0
171000	2.83008e-12	-290.657	0
172000	-2.67716e-12	151.597	0
173000	-4.17856e-12	-348.574	0
174000	-5.40597e-12	-769.141	0
175000	-3.19029e-12	-1121.93	0
176000	9.87923e-12	-633.192	0
177000	9.38774e-12	-144.821	0
178000	2.21157e-12	96.4905	0
179000	-1.26134e-11	-421.317	0
180000	-1.41588e-11	-980.141	0
181000	4.75313e-12	-1073.92	0
182000	1.61833e-11	-539.318	0
183000	1.11436e-11	50.1329	0
184000	-8.77487e-12	-8.5441	0
185000	-1.07568e-11	-539.026	0
186000	9.42864e-13	-1154.19	0
187000	-3.02453e-13	-934.023	0
188000	4.98926e-12	-381.255	0
189000	-1.4124e-12	241.361	0
190000	-9.21406e-12	-169.02	0
191000	-8.18156e-12	-707.274	0
192000	1.05198e-12	-1264.16	0
193000	3.07767e-12	-681.876	0
194000	9.76768e-12	-199.46	0
195000	-3.69306e-12	300.05	0
196000	-2.69679e-12	-416.189	0
197000	-1.08499e-11	-853.306	0
198000	-3.22302e-12	-1277.38	0
199000	1.65625e-11	-421.231	0
200000	3.09548e-12	-71.2917	0
201000	-1.13516e-11	217.89	0
202000	-7.87079e-12	-719.486	0
203000	3.44565e-12	-940.198	0
204000	-9.71015e-13	-1147.98	0
205000	-1.50431e-12	-207.788	0
206000	6.45405e-12	-74.2707	0
207000	-4.39019e-12	65.1182	0
208000	-6.62549e-13	-904.397	0
209000	8.15994e-13	-956.868	0
210000	-4.14035e-12	-987.55	0
211000	-3.49883e-12	-40.8904	0
212000	-1.95562e-12	-89.1196	0
213000	-3.27936e-12	-109.756	0
214000	-1.15406e-11	-980.348	0
215000	5.35471e-12	-899.116	0
216000	1.70958e-11	-830.297	0
217000	2.03636e-12	26.2077	0
218000	-1.61344e-11	-69.004	0
219000	-8.72509e-12	-241.289	0
220000	-4.21202e-12	-1038.68	0
221000	2.6407e-12	-889.734	0
222000	4.102e-12	-651.719	0
223000	5.06301e-12	55.531	0
224000	-3.38335e-12	-79.5672	0
225000	4.11685e-12	-396.235	0
226000	-6.98284e-12	-1082.38	0
227000	-4.20093e-12	-947.499	0
228000	-3.12655e-12	-480.237	0
229000	1.12204e-11	123.382	0
230000	9.34821e-13	-92.3937	0
231000	-6.98218e-12	-668.622	0
232000	-5.02952e-12	-1135.49	0
233000	-5.80432e-12	-901.962	0
234000	5.25491e-12	-245.706	0
235000	6.90287e-12	127.685	0
236000	5.82641e-12	-145.868	0
237000	-8.30167e-12	-926.639	0
238000	-5.32191e-12	-1137.59	0
239000	5.33802e-13	-763.775	0
240000	-4.6037e-12	59.1579	0
241000	-3.19921e-12	63.628	0
242000	-1.11157e-12	-319.775	0
243000	4.85498e-12	-1128.06	0
244000	-1.73395e-12	-983.465	0
245000	-5.83097e-12	-582.774	0
246000	-8.79635e-12	251.183	0
247000	1.40779e-11	-75.0458	0
248000	-3.95879e-12	-521.718	0
249000	-4.57899e-12	-1283.97	0
250000	-1.71934e-12	-764.223	0
251000	1.35268e-12	-379.15	0
252000	-6.52335e-12	275.009	0
253000	-9.03033e-12	-333.966	0
254000	1.01066e-11	-664.291	0
255000	-1.04636e-12	-1284.11	0
256000	9.28361e-12	-592.906	0
257000	8.46919e-12	-277.347	0
258000	-3.20838e-12	241.044	0
259000	-1.69552e-11	-542.303	0
260000	-6.96105e-13	-780.792	0
261000	1.00076e-11	-1194.15	0
262000	5.1982e-12	-420.092	0
263000	8.6451e-12	-225.342	0
264000	-5.98019e-12	157.806	0
265000	-1.14225e-11	-626.857	0
266000	2.62696e-12	-838.16	0
267000	-1.35924e-11	-1118.59	0
268000	-3.48741e-12	-293.623	0
269000	3.42595e-12	-108.609	0
270000	6.65397e-12	65.3724	0
271000	-2.39475e-12	-716.655	0
272000	-4.6417e-12	-899.78	0
273000	7.35735e-12	-1011.79	0
274000	-2.79392e-12	-228.883	0
275000	-1.63528e-11	5.8338	0
276000	3.70831e-12	-28.3905	0
277000	-1.53572e-12	-842.7	0
278000	6.83323e-12	-1056.39	0
279000	1.53473e-12	-855.281	0
280000	2.66846e-12	-99.9522	0
281000	-6.27397e-12	77.5765	0
282000	2.0556e-13	-256.151	0
283000	-5.52571e-13	-971.826	0
284000	7.64905e-12	-1142.92	0
285000	-4.01931e-12	-635.106	0
286000	-1.21653e-11	31.7453	0
287000	3.36622e-12	118.012	0
288000	-1.07819e-11	-554.853	0
289000	-2.12019e-12	-1080.11	0
290000	1.22348e-11	-1081.78	0
291000	-2.25681e-13	-315.235	0
292000	-6.59538e-12	82.9213	0
293000	5.51499e-12	45.3266	0
294000	-9.12112e-12	-815.953	0
295000	-7.34499e-12	-1076.96	0
296000	-1.61213e-12	-946.769	0
297000	-1.82922e-13	-19.1368	0
298000	-3.59474e-12	52.3869	0
299000	-1.04045e-11	-136.422	0
300000	2.26482e-11	-1044.8	0
301000	-9.84156e-13	-959.859	0
302000	-4.90774e-12	-772.455	0
303000	2.20378e-12	118.039	0
304000	-9.0714e-12	-85.9336	0
305000	-1.78702e-11	-302.336	0
306000	4.39018e-12	-1175.14	0
307000	1.24563e-11	-851.67	0
308000	8.53811e-12	-632.059	0
309000	5.6864e-12	173.248	0
310000	-9.78484e-12	-233.147	0
311000	-2.03006e-12	-439.67	0
312000	-4.08164e-12	-1202.16	0
313000	-1.16527e-11	-752.751	0
314000	-2.15341e-12	-521.433	0
315000	-9.39106e-13	204.273	0
316000	-1.15011e-11	-298.143	0
317000	-8.32429e-12	-559.41	0
318000	1.21756e-11	-1205.59	0
319000	2.2671e-11	-658.966	0
320000	-6.4111e-12	-362.667	0
321000	-9.9829e-12	218.941	0
322000	-3.57621e-13	-348.671	0
323000	-1.12252e-12	-703.639	0
324000	-7.56758e-12	-1202.78	0
325000	1.06459e-11	-587.243	0
326000	-8.5572e-12	-162.495	0
327000	1.81526e-12	207.509	0
328000	-3.71041e-12	-463.749	0
329000	4.88608e-12	-935.176	0
330000	1.13978e-11	-1152.72	0
331000	1.71613e-11	-457.887	0
332000	-6.82799e-12	30.53	0
333000	-1.40151e-11	74.3362	0
334000	-2.03515e-11	-639.78	0
335000	-1.54115e-11	-1137.31	0
336000	6.40406e-12	-997.095	0
337000	1.25857e-11	-286.621	0
338000	-9.5664e-13	180.023	0
339000	-1.66296e-11	-154.57	0
340000	-9.67514e-12	-817.396	0
341000	1.51657e-11	-1219.87	0
342000	4.45439e-12	-716.738	0
343000	-1.27922e-12	-128.891	0
344000	-4.61197e-12	222.966	0
345000	-1.73812e-11	-415.024	0
346000	-1.11484e-11	-911.159	0
347000	1.98876e-11	-1188.8	0
348000	8.95911e-12	-421.398	0
349000	6.97214e-12	-42.2007	0
350000	-3.66883e-12	154.157	0
351000	-1.40003e-11	-679.357	0
352000	-6.86398e-12	-920.583	0
353000	-2.19532e-12	-1078.76	0
354000	1.29001e-11	-221.983	0
355000	1.0813e-11	-78.0477	0
356000	-2.39217e-11	43.9233	0
357000	-4.52991e-12	-861.419	0
358000	8.7898e-12	-921.586	0
359000	5.33304e-12	-989.696	0
360000	2.3258e-11	-83.8426	0
361000	1.2931e-12	-120.533	0
362000	-1.37602e-11	-83.0971	0
363000	-2.04279e-11	-974.746	0
364000	-1.26838e-11	-902.516	0
365000	1.3565e-11	-899.989	0
366000	1.6144e-12	15.3274	0
367000	-7.07285e-12	-94.0891	0
368000	-1.39642e-11	-188.083	0
369000	-2.83822e-11	-1078.31	0
370000	1.12468e-11	-895.133	0
371000	3.47858e-11	-726.531	0
372000	8.49532e-12	119.805	0
373000	-6.08458e-12	-79.4082	0
374000	-2.14514e-11	-333.778	0
375000	-1.55486e-11	-1160.41	0
376000	2.75044e-11	-907.854	0
377000	1.56521e-11	-504.648	0
378000	-1.40162e-11	234.77	0
379000	-3.76179e-11	-123.459	0
380000	4.52365e-12	-621.628	0
381000	-4.11359e-14	-1218.92	0
382000	1.68038e-13	-822.712	0
383000	6.36133e-13	-260.285	0
384000	1.23057e-11	216.435	0
385000	-1.73571e-11	-239.727	0
386000	1.06127e-11	-906.069	0
387000	1.79465e-11	-1206.05	0
388000	-1.27158e-12	-672.914	0
389000	-8.52956e-12	4.60161	0
390000	1.76141e-12	89.297	0
391000	-7.0862e-12	-432.46	0
392000	-1.72665e-11	-1091.02	0
393000	6.25248e-12	-1024.02	0
394000	8.35553e-12	-510.421	0
395000	2.16753e-11	173.399	0
396000	-1.44565e-12	-70.8158	0
397000	-1.69944e-11	-585.598	0
398000	-7.91293e-12	-1202.81	0
399000	6.71607e-12	-771.54	0
400000	1.44348e-11	-343.132	0
401000	-4.85868e-12	210.803	0
402000	-7.87739e-12	-297.063	0
403000	-2.53859e-12	-652.406	0
404000	-6.60639e-12	-1210.26	0
405000	-3.23174e-12	-606.785	0
406000	1.97385e-11	-275.697	0
407000	-2.57282e-12	218.853	0
408000	-1.39606e-11	-496.067	0
409000	-1.8193e-11	-748.416	0
410000	2.78312e-12	-1187.43	0
411000	2.89308e-11	-459.463	0
412000	7.4197e-12	-253.794	0
413000	-1.44467e-11	178.4	0
414000	-1.09248e-11	-614.435	0
415000	7.07324e-12	-837.757	0
416000	6.20918e-12	-1183.74	0
417000	5.72704e-12	-311.242	0
418000	-6.80286e-12	-135.208	0
419000	2.73146e-12	113.26	0
420000	-2.10951e-11	-751.726	0
421000	-1.04596e-11	-904.46	0
422000	2.0372e-11	-1087.9	0
423000	9.00411e-12	-177.789	0
424000	1.08445e-11	2.55221	0
425000	5.36474e-12	35.7466	0
426000	-5.9526e-12	-915.33	0
427000	-6.24106e-12	-1022.39	0
428000	3.59527e-12	-885.061	0
429000	1.09946e-11	5.97648	0
430000	7.94835e-12	50.3016	0
431000	-6.54943e-12	-202.415	0
432000	-2.06185e-11	-1049.61	0
433000	1.52461e-12	-1068.74	0
434000	1.35893e-11	-653.958	0
435000	2.10031e-11	125.376	0
436000	-1.83029e-11	34.7855	0
437000	-3.00123e-11	-529.738	0
438000	-1.32367e-11	-1150.63	0
439000	1.25625e-11	-992.275	0
440000	1.16014e-11	-368.606	0
441000	2.17176e-11	114.919	0
442000	-1.31929e-11	-63.4049	0
443000	-3.05326e-11	-780.755	0
444000	-4.48632e-12	-1127.28	0
445000	-8.03863e-12	-874.784	0
446000	2.9949e-11	-92.8406	0
447000	4.30457e-13	59.4956	0
448000	4.75825e-12	-210.201	0
449000	-1.93027e-11	-969.317	0
450000	-1.96153e-11	-971.576	0
451000	1.81412e-11	-732.673	0
452000	1.18632e-11	52.8338	0
453000	-1.78671e-11	-49.0903	0
454000	5.54048e-12	-301.484	0
455000	8.22934e-12	-1102.4	0
456000	-1.77515e-11	-860.568	0
457000	1.31998e-11	-618.598	0
458000	2.2e-11	145.197	0
459000	1.09801e-11	-190.865	0
460000	-1.32096e-11	-408.999	0
461000	-3.78283e-12	-1183.75	0
462000	2.95097e-12	-787.524	0
463000	-3.25024e-14	-543.088	0
464000	-4.10496e-13	219.164	0
465000	6.24688e-13	-287.193	0
466000	-1.69723e-11	-558.208	0
467000	-7.20962e-12	-1256.39	0
468000	-6.91569e-12	-677.355	0
469000	7.19095e-13	-396.307	0
470000	1.81057e-11	257.59	0
471000	1.50405e-11	-376.806	0
472000	-1.19851e-11	-707.11	0
473000	-4.2679e-13	-1278.83	0
474000	2.23978e-11	-544.581	0
475000	-1.25034e-11	-170.765	0
476000	-6.33219e-12	264.943	0
477000	-1.99752e-11	-530.572	0
478000	-1.06984e-11	-899.402	0
479000	1.45256e-11	-1188.33	0
480000	1.49996e-11	-363.107	0
481000	-1.16581e-11	8.50223	0
482000	1.65469e-11	136.5	0
483000	1.26323e-12	-716.199	0
484000	7.493e-12	-1069.66	0
485000	-1.50726e-11	-1016.12	0
486000	3.42175e-12	-189.241	0
487000	8.45647e-12	104.745	0
488000	-2.05925e-11	-121.141	0
489000	-1.09959e-11	-888.075	0
490000	7.04781e-12	-1138.75	0
491000	-5.09448e-12	-770.194	0
492000	-1.9268e-11	-82.0112	0
493000	-1.91818e-11	121.298	0
494000	1.60652e-11	-387.689	0
495000	1.97342e-11	-972.658	0
496000	-2.6514e-12	-1114.68	0
497000	1.40066e-11	-491.08	0
498000	1.55839e-11	-29.7975	0
499000	-2.22132e-12	76.1311	0
500000	-2.0246e-11	-613.925	0
501000	1.37525e-12	-946.522	0
502000	-4.85108e-12	-1032.85	0
503000	1.79819e-11	-277.894	0
504000	-6.22008e-12	-41.3536	0
505000	-2.55721e-11	27.4341	0
506000	-7.41097e-12	-791.248	0
507000	-3.54322e-12	-926.538	0
508000	1.7389e-11	-967.059	0
509000	1.54608e-11	-113.221	0
510000	2.1669e-12	-76.8452	0
511000	-7.26177e-12	-60.2229	0
512000	9.71739e-12	-951.959	0
513000	-1.91461e-12	-927.869	0
514000	-1.27992e-11	-909.372	0
515000	-1.37895e-11	20.9434	0
516000	4.40065e-12	-85.9869	0
517000	5.23917e-12	-182.149	0
518000	2.10589e-12	-1116.43	0
519000	-2.03048e-12	-918.072	0
520000	-2.68546e-11	-762.512	0
521000	-4.11305e-13	153.671	0
522000	2.89525e-11	-104.239	0
523000	1.31637e-11	-336.974	0
524000	-3.42976e-11	-1231.57	0
525000	-4.7387e-13	-876.374	0
526000	8.85896e-12	-524.173	0
527000	-1.0589e-12	290.014	0
528000	-6.14571e-12	-176.584	0
529000	7.09353e-12	-587.81	0
530000	-5.22983e-12	-1266.7	0
531000	-1.10941e-12	-738.554	0
532000	-1.20241e-11	-276.818	0
533000	4.90666e-12	285.33	0
534000	-6.86183e-12	-309.672	0
535000	1.27183e-12	-842.148	0
536000	7.08018e-12	-1234.45	0
537000	1.97958e-11	-578.727	0
538000	7.284e-12	-54.4768	0
539000	-2.54541e-11	138.381	0
540000	-3.36499e-11	-507.127	0
541000	6.79129e-12	-1022.51	0
542000	1.28388e-11	-1077.3	0
543000	-2.55087e-12	-451.098	0
544000	1.62602e-12	80.3384	0
545000	-3.55256e-12	-42.0695	0
546000	1.15705e-12	-655.885	0
547000	-2.53027e-12	-1136.58	0
548000	3.38188e-11	-840.589	0
549000	-1.47379e-12	-318.016	0
550000	-1.02035e-11	131.552	0
551000	-5.73882e-12	-244.661	0
552000	9.36979e-12	-690.778	0
553000	-1.46234e-11	-1157.69	0
554000	7.75819e-12	-659.232	0
555000	1.25691e-11	-239.875	0
556000	-1.17097e-11	192.065	0
557000	-8.85319e-12	-428.803	0
558000	2.00996e-11	-755.87	0
559000	1.75091e-11	-1154.99	0
560000	-1.60839e-11	-487.374	0
561000	7.31887e-12	-213.491	0
562000	-7.15894e-12	191.813	0
563000	-5.98368e-12	-580.198	0
564000	-5.03282e-12	-852.193	0
565000	1.35947e-11	-1188.17	0
566000	-3.15181e-12	-316.788	0
567000	1.19005e-11	-126.284	0
568000	-8.0607e-12	123.643	0
569000	-2.38868e-12	-775.782	0
570000	9.54203e-12	-925.64	0
571000	-6.36678e-12	-1127.78	0
572000	7.19378e-12	-158.251	0
573000	-1.30851e-11	-18.2961	0
574000	-2.00742e-11	42.8369	0
575000	-2.28817e-11	-979.305	0
576000	-1.27321e-11	-1007.08	0
577000	3.30947e-12	-916.874	0
578000	2.90609e-12	58.0925	0
579000	-3.41119e-11	8.46874	0
580000	-1.39059e-11	-165.866	0
581000	1.06799e-11	-1102.46	0
582000	2.48785e-11	-1000.98	0
583000	2.6465e-11	-675.226	0
584000	2.87494e-12	202.54	0
585000	1.29227e-13	-21.6683	0
586000	-5.23392e-12	-470.027	0
587000	-1.39053e-11	-1189.86	0
588000	-1.38156e-11	-900.649	0
589000	-1.15785e-11	-415.696	0
590000	2.74997e-12	174.864	0
591000	-5.37786e-12	-136.323	0
592000	-2.13907e-11	-718.793	0
593000	-1.33061e-11	-1184.43	0
594000	1.86275e-11	-807.142	0
595000	1.20847e-11	-173.376	0
596000	4.62842e-12	90.5484	0
597000	-1.45788e-11	-292.073	0
598000	-3.47425e-11	-907.765	0
599000	-2.94551e-12	-1035.05	0
600000	3.25707e-11	-698.889	0
601000	2.14095e-11	-31.5477	0
602000	-9.47786e-12	-6.00512	0
603000	-2.99629e-11	-349.992	0
604000	-3.05255e-11	-1045.69	0
605000	2.02009e-11	-907.087	0
606000	3.93212e-11	-580.88	0
607000	4.36714e-12	101.842	0
608000	-2.1729e-11	-132.348	0
609000	-2.20037e-11	-413.52	0
610000	4.20164e-12	-1136.26	0
611000	2.35673e-12	-817.155	0
612000	2.63328e-11	-509.067	0
613000	2.93681e-11	223.107	0
614000	-3.14239e-11	-245.14	0
615000	-3.03769e-11	-562.584	0
616000	2.39041e-11	-1248.48	0
617000	2.71968e-12	-691.411	0
618000	1.73758e-11	-394.697	0
619000	-5.8218e-12	268.64	0
620000	-2.22296e-11	-380.822	0
621000	-1.99816e-11	-723.257	0
622000	8.43014e-12	-1323.63	0
623000	1.81082e-11	-537.725	0
624000	7.51143e-12	-188.212	0
625000	-1.83723e-11	276.568	0
626000	-1.35699e-11	-586.048	0
627000	-9.37747e-12	-891.635	0
628000	-9.31829e-12	-1231.4	0
629000	1.18598e-11	-320.575	0
630000	-6.99716e-12	-22.3601	0
631000	1.58098e-12	178.206	0
632000	6.54997e-12	-776.664	0
633000	1.06451e-11	-1019	0
634000	-1.38997e-11	-1037.2	0
635000	2.16533e-11	-104.947	0
636000	-2.03534e-12	55.6541	0
637000	-2.4059e-11	-65.15	0
638000	-3.81309e-11	-934.297	0
639000	-1.37199e-11	-1052.89	0
640000	3.76535e-11	-807.26	0
641000	2.35227e-11	-6.82808	0
642000	-1.29512e-11	50.1966	0
643000	-3.15687e-11	-338.821	0
644000	-3.34503e-11	-1032.81	0
645000	7.1169e-12	-1032.46	0
646000	2.25766e-11	-559.032	0
647000	4.55448e-12	0.790661	0
648000	-3.63588e-12	-14.9461	0
649000	-1.35456e-11	-557.887	0
650000	-3.77607e-11	-1008.85	0
651000	-6.8921e-12	-986.722	0
652000	2.12873e-11	-358.73	0
653000	1.65331e-11	-9.74666	0
654000	-1.33318e-11	-38.4586	0
655000	-1.70144e-11	-729.681	0
656000	-1.02416e-12	-963.635	0
657000	2.51948e-12	-928.934	0
658000	2.66082e-11	-171.742	0
659000	1.86535e-11	-23.9249	0
660000	-2.81524e-11	-66.9085	0
661000	-3.73983e-11	-895.982	0
662000	-1.17545e-11	-954.329	0
663000	7.4064e-12	-875.681	0
664000	2.60114e-11	11.0681	0
665000	7.47914e-13	-40.6991	0
666000	-2.08828e-11	-174.325	0
667000	-3.21673e-11	-1096.95	0
668000	1.00258e-11	-943.441	0
669000	3.0161e-11	-763.487	0
670000	1.51443e-11	169.893	0
671000	-9.20154e-12	-93.7063	0
672000	-1.97176e-11	-352.149	0
673000	-1.66458e-11	-1276.22	0
674000	6.39078e-12	-880.309	0
675000	-9.30362e-13	-541.669	0
676000	8.51166e-12	309.039	0
677000	-7.93711e-12	-218.347	0
678000	-2.91498e-11	-591.854	0
679000	-2.50343e-11	-1325.55	0
680000	1.22316e-11	-700.969	0
681000	2.77979e-11	-293.402	0
682000	-1.35245e-11	328.45	0
683000	-1.77436e-11	-377.231	0
684000	5.01612e-12	-805.926	0
685000	-2.28236e-11	-1260.45	0
686000	-6.18018e-12	-491.701	0
687000	1.39938e-11	-89.0918	0
688000	-1.49698e-12	195.238	0
689000	-1.72192e-12	-567.205	0
690000	-1.66989e-11	-947.771	0
691000	-1.1354e-11	-1101.64	0
692000	1.25707e-11	-360.62	0
693000	-1.06687e-12	10.8002	0
694000	-3.53355e-12	-0.769902	0
695000	4.89062e-13	-717.961	0
696000	1.4599e-11	-1049.37	0
697000	1.40489e-11	-898.697	0
698000	-8.47548e-12	-278.861	0
699000	2.21311e-12	35.6563	0
700000	-2.57203e-12	-198.668	0
701000	-2.91928e-11	-752.318	0
702000	-1.93573e-11	-1097.89	0
703000	1.7548e-11	-739.696	0
704000	2.67547e-11	-218.659	0
705000	-2.19867e-12	117.109	0
706000	-3.04144e-11	-362.851	0
707000	-2.32291e-11	-792.358	0
708000	-1.22743e-11	-1117.06	0
709000	1.11319e-11	-554.849	0
710000	2.62834e-11	-167.12	0
711000	-4.4457e-12	180.654	0
712000	-1.65174e-11	-512.278	0
713000	1.97499e-12	-876.399	0
714000	1.04908e-12	-1162.64	0
715000	1.40393e-11	-340.505	0
716000	2.70422e-11	-71.2979	0
717000	-2.64078e-12	142.84	0
718000	-2.80948e-11	-748.594	0
719000	-2.77969e-11	-959.53	0
720000	1.80222e-11	-1131.21	0
721000	4.0877e-12	-143.388	0
722000	-1.04665e-11	7.77411	0
723000	-2.16395e-11	37.5071	0
724000	-1.25012e-11	-1023.45	0
725000	-1.90025e-11	-1028.59	0
726000	1.78734e-11	-934.298	0
727000	4.22807e-11	87.7239	0
728000	-9.65217e-12	-20.1915	0
729000	-8.14263e-12	-178.778	0
730000	-3.09607e-11	-1171.32	0
731000	-9.93429e-12	-973.369	0
732000	1.16475e-11	-686.906	0
733000	3.18486e-12	250.488	0
734000	-2.96127e-11	-86.4189	0
735000	-6.53621e-12	-448.562	0
736000	-7.61413e-12	-1225.61	0
737000	9.39628e-12	-812.136	0
738000	-1.29309e-12	-438.573	0
739000	-5.06438e-12	229.584	0
740000	4.42734e-12	-203.871	0
741000	-2.66632e-11	-649.498	0
742000	-4.19265e-13	-1203.12	0
743000	5.64781e-12	-709.563	0
744000	1.1894e-11	-237.172	0
745000	1.60855e-11	129.238	0
746000	-1.39356e-11	-357.777	0
747000	-2.87216e-11	-815.77	0
748000	-1.31404e-11	-1081.46	0
749000	2.26795e-12	-655.837	0
750000	8.76096e-13	-134.833	0
751000	-5.00995e-12	36.8784	0
752000	-1.28428e-11	-405.932	0
753000	-1.27173e-11	-976.955	0
754000	-1.40017e-11	-988.575	0
755000	4.01865e-12	-566.476	0
756000	8.76765e-12	16.0101	0
757000	-1.36627e-11	-65.5335	0
758000	2.67071e-12	-443.959	0
759000	1.26972e-11	-1093.81	0
760000	2.40016e-12	-898.254	0
761000	2.55261e-11	-473.398	0
762000	-9.90451e-12	209.659	0
763000	-2.64081e-11	-165.981	0
764000	-8.16566e-12	-586.045	0
765000	6.38009e-12	-1226.48	0
766000	1.64775e-11	-727.428	0
767000	4.27022e-11	-338.943	0
768000	-8.53201e-12	294.682	0
769000	-4.31484e-11	-338.552	0
770000	-7.51277e-12	-760.651	0
771000	2.85694e-11	-1333.16	0
772000	1.24909e-11	-526.898	0
773000	-1.2403e-11	-147.853	0
774000	-3.95295e-11	277.87	0
775000	-1.79189e-11	-626.471	0
776000	-2.97823e-12	-921.099	0
777000	3.07083e-11	-1248.65	0
778000	3.70713e-11	-290.22	0
779000	-2.88411e-11	-39.7919	0
780000	-3.2768e-11	163.415	0
781000	-2.17702e-11	-852.849	0
782000	-1.73992e-11	-1002.38	0
783000	2.94573e-11	-1042.49	0
784000	3.11072e-11	-54.3995	0
785000	-3.094e-11	-11.1586	0
786000	-2.65991e-11	-55.3017	0
787000	-4.40036e-11	-972.945	0
788000	2.89009e-11	-966.183	0
789000	1.35863e-11	-824.769	0
790000	9.11672e-12	47.4892	0
791000	-6.12598e-13	-22.2631	0
792000	-4.32932e-11	-278.855	0
793000	-4.22021e-11	-1045.97	0
794000	-5.83258e-15	-923.498	0
795000	2.19669e-11	-618.681	0
796000	7.64629e-12	31.8696	0
797000	-3.88001e-12	-82.5661	0
798000	-1.30996e-11	-459.705	0
799000	4.97164e-12	-1046.71	0
800000	9.49464e-12	-937.894	0
