0.0525	0.0525	0	
0	-0	-0	0
1000	3.70519e-14	-244.557	0
2000	-6.98749e-14	-1613.3	0
3000	-1.02088e-13	-1751.68	0
4000	1.52674e-13	-1375.75	0
5000	-2.2641e-13	-26.8271	0
6000	-2.46863e-13	-42.1825	0
7000	-5.47938e-14	-573.905	0
8000	3.00888e-13	-1859.31	0
9000	7.56087e-14	-1724.99	0
10000	8.10525e-13	-1105.29	0
11000	4.53663e-13	84.8247	0
12000	-3.28061e-13	-153.487	0
13000	9.76759e-13	-909.334	0
14000	4.76355e-14	-2017.51	0
15000	-5.62572e-13	-1641.68	0
16000	6.43157e-14	-743.586	0
17000	4.46968e-13	206.865	0
18000	-1.24688e-12	-302.468	0
19000	9.32843e-14	-1260.92	0
20000	4.44203e-13	-2006.71	0
21000	2.22916e-12	-1396.31	0
22000	-7.96598e-13	-362.07	0
23000	8.57606e-13	220.722	0
24000	-1.32807e-12	-476.48	0
25000	-1.34047e-13	-1564.79	0
26000	1.91233e-12	-1915.46	0
27000	2.44383e-13	-1122.66	0
28000	5.7392e-13	-38.6249	0
29000	-1.24622e-12	74.7121	0
30000	-1.39182e-12	-757.779	0
31000	9.12893e-13	-1834.29	0
32000	4.57804e-13	-1758.94	0
33000	7.36318e-13	-900.333	0
34000	-5.56527e-13	144.508	0
35000	-1.91589e-12	-179.873	0
36000	-2.24524e-12	-1081.96	0
37000	-8.2977e-14	-2045.11	0
38000	-4.98121e-13	-1508.37	0
39000	6.61463e-13	-657.042	0
40000	-9.93045e-13	206.242	0
41000	-7.58717e-13	-477.765	0
42000	-3.31075e-12	-1291.94	0
43000	-1.09274e-12	-2082.96	0
44000	1.53718e-12	-1224.66	0
45000	4.78132e-13	-407.986	0
46000	-1.49435e-12	270.967	0
47000	-1.03641e-12	-736.153	0
48000	1.65238e-12	-1471.67	0
49000	-4.94289e-13	-1996.55	0
50000	1.53932e-12	-886.03	0
51000	3.4071e-12	-202.102	0
52000	2.43742e-12	213.195	0
53000	-1.76952e-12	-994.52	0
54000	-2.68362e-12	-1640.33	0
55000	2.25695e-13	-1889.14	0
56000	1.06866e-12	-599.781	0
57000	1.97709e-12	-58.78	0
58000	-3.63422e-15	-0.79144	0
59000	-5.17814e-12	-1316.15	0
60000	-9.85956e-13	-1790.09	0
61000	1.43915e-12	-1719.51	0
62000	-1.14131e-12	-391.13	0
63000	4.32179e-12	19.8091	0
64000	6.05375e-13	-262.972	0
65000	6.26203e-13	-1616.15	0
66000	-7.74364e-13	-1902.18	0
67000	3.32279e-12	-1405.3	0
68000	-1.35862e-12	-127.04	0
69000	5.74772e-12	37.3203	0
70000	-1.52764e-13	-597.484	0
71000	-5.53255e-13	-1772.61	0
72000	-2.62348e-12	-1834.77	0
73000	-1.10346e-12	-1016.08	0
74000	4.58059e-12	80.2022	0
75000	9.29468e-14	16.9067	0
76000	1.90864e-12	-954.109	0
77000	8.5553e-12	-1869.21	0
78000	9.12171e-13	-1673	0
79000	3.17903e-12	-612.015	0
80000	-4.20301e-12	132.727	0
81000	3.5563e-12	-148.479	0
82000	-1.05326e-12	-1319.15	0
83000	6.06266e-12	-1913.87	0
84000	5.50351e-12	-1521.67	0
85000	6.53305e-12	-284.739	0
86000	-2.6829e-12	66.6889	0
87000	-2.67965e-12	-438.333	0
88000	-7.12132e-12	-1675.8	0
89000	1.52772e-12	-1834.84	0
90000	5.10841e-12	-1308.66	0
91000	3.99325e-12	-71.4721	0
92000	3.50584e-12	-67.8386	0
93000	-2.46308e-12	-664.399	0
94000	-3.47267e-12	-1905.03	0
95000	-9.69268e-13	-1697.04	0
96000	7.93261e-12	-1018.57	0
97000	-8.20776e-13	163.594	0
98000	9.70959e-13	-213.955	0
99000	4.59992e-12	-895.601	0
100000	-4.73012e-12	-1998.49	0
101000	2.97099e-12	-1472.11	0
102000	5.66253e-12	-728.564	0
103000	4.0997e-12	311.569	0
104000	6.06452e-13	-383.721	0
105000	-3.39938e-12	-1171.02	0
106000	-8.08946e-13	-2065.91	0
107000	9.29741e-13	-1233.37	0
108000	3.56494e-12	-465.225	0
109000	-1.53442e-12	282.902	0
110000	-1.4444e-12	-651.263	0
111000	-2.2973e-12	-1460.15	0
112000	-2.13804e-12	-2085.19	0
113000	-6.4976e-12	-1033.58	0
114000	2.22481e-12	-215.756	0
115000	3.38075e-13	176.96	0
116000	3.16754e-12	-983.865	0
117000	3.68731e-12	-1748.34	0
118000	-9.10296e-13	-1924.24	0
119000	-7.24945e-13	-738.612	0
120000	2.95299e-12	-13.8781	0
121000	4.77511e-13	-21.7263	0
122000	-3.16362e-12	-1228.49	0
123000	1.27197e-12	-1894.12	0
124000	5.03393e-12	-1635.89	0
125000	4.712e-12	-417.316	0
126000	-2.57522e-12	155.44	0
127000	-7.82413e-12	-304.753	0
128000	-5.48133e-12	-1441.39	0
129000	8.74881e-13	-1917.93	0
130000	2.77408e-12	-1280.37	0
131000	6.74955e-12	-202.702	0
132000	-6.46594e-13	186.739	0
133000	-8.45655e-12	-658.164	0
134000	6.28162e-13	-1654.82	0
135000	3.38476e-12	-1916.16	0
136000	3.85778e-12	-925.665	0
137000	7.47163e-12	-97.8802	0
138000	4.81049e-12	42.8403	0
139000	-6.02729e-12	-1052.7	0
140000	-6.59898e-12	-1765.66	0
141000	4.80861e-12	-1841.68	0
142000	2.90627e-12	-640.326	0
143000	4.01112e-12	-47.1159	0
144000	2.30109e-13	-94.298	0
145000	-3.90014e-12	-1385.42	0
146000	-5.38004e-12	-1808.47	0
147000	7.84897e-12	-1639.56	0
148000	2.369e-12	-306.466	0
149000	4.15144e-12	-15.0966	0
150000	-1.72512e-13	-261.487	0
151000	-4.92768e-13	-1617.43	0
152000	3.64278e-12	-1761.57	0
153000	1.79771e-12	-1374.01	0
154000	9.30419e-12	-0.473321	0
155000	-3.24368e-12	-20.958	0
156000	1.2134e-12	-521.3	0
157000	-3.89498e-12	-1837.6	0
158000	2.03043e-13	-1674.37	0
159000	1.05478e-12	-1093.63	0
160000	9.12927e-12	162.919	0
161000	2.51804e-13	-136.345	0
162000	-9.33039e-12	-856.683	0
163000	-2.50631e-12	-2048.96	0
164000	1.23856e-11	-1591.33	0
165000	7.42417e-12	-772.53	0
166000	2.76684e-12	246.052	0
167000	1.97112e-12	-371.78	0
168000	-9.15598e-12	-1247.07	0
169000	6.13914e-13	-2096.82	0
170000	8.02498e-12	-1378.84	0
171000	4.02602e-12	-444.514	0
172000	-8.0486e-13	236.956	0
173000	-4.45084e-12	-586.131	0
174000	-2.19901e-12	-1550.96	0
175000	2.16015e-12	-1991.75	0
176000	1.19167e-12	-1070.67	0
177000	3.64679e-12	-108.209	0
178000	-5.69094e-13	125.605	0
179000	-1.89593e-12	-813.741	0
180000	-2.54309e-12	-1756.15	0
181000	4.6051e-12	-1780.15	0
182000	-4.68995e-12	-797.757	0
183000	-3.50168e-12	120.739	0
184000	-4.24977e-12	-99.6021	0
185000	-6.97736e-12	-1095.89	0
186000	7.94184e-12	-1936.81	0
187000	7.24974e-12	-1518.32	0
188000	4.68267e-12	-592.293	0
189000	3.02895e-12	167.834	0
190000	-6.80846e-12	-421.319	0
191000	-4.19389e-12	-1328.17	0
192000	-2.32435e-12	-2049.74	0
193000	7.24881e-12	-1282.28	0
194000	9.36669e-12	-409.673	0
195000	-5.33242e-12	199.021	0
196000	7.55859e-13	-740.984	0
197000	-2.52935e-12	-1527.63	0
198000	3.92451e-13	-2019.7	0
199000	7.57503e-12	-953.334	0
200000	-2.89996e-14	-220.86	0
201000	-6.88738e-12	184.765	0
202000	-8.56356e-12	-1001.51	0
203000	-5.63718e-12	-1656.36	0
204000	9.98074e-12	-1891.91	0
205000	1.35109e-11	-587.811	0
206000	5.8768e-13	-41.2637	0
207000	-3.57788e-12	48.0774	0
208000	-1.12247e-11	-1293.89	0
209000	-7.84032e-12	-1746.67	0
210000	8.94128e-12	-1706.12	0
211000	9.07094e-13	-312.848	0
212000	9.6503e-13	43.8521	0
213000	-9.0856e-12	-207.036	0
214000	-1.2834e-11	-1639.4	0
215000	1.17866e-12	-1850.45	0
216000	3.54834e-12	-1426.31	0
217000	3.84352e-12	-77.9931	0
218000	-2.48619e-12	-18.9435	0
219000	-6.72781e-12	-583.076	0
220000	-9.41688e-14	-1862.73	0
221000	-3.96851e-13	-1815.75	0
222000	9.5308e-13	-1090.83	0
223000	-1.22641e-11	98.6779	0
224000	-8.9622e-12	-94.0347	0
225000	5.37177e-13	-948.728	0
226000	1.25335e-12	-1954.47	0
227000	9.87502e-12	-1626.55	0
228000	2.96656e-12	-681.324	0
229000	-4.12513e-12	179.476	0
230000	-8.4699e-12	-217.193	0
231000	-1.24894e-12	-1253.61	0
232000	9.37534e-12	-1940.11	0
233000	3.126e-14	-1417.55	0
234000	1.11152e-11	-309.223	0
235000	1.28677e-12	145.331	0
236000	-5.54446e-12	-457.108	0
237000	-1.6347e-11	-1567.6	0
238000	1.79485e-12	-1840.97	0
239000	1.39945e-11	-1231.9	0
240000	1.30353e-11	-103.51	0
241000	-1.00122e-12	-5.95204	0
242000	-1.10692e-11	-698.115	0
243000	-1.16229e-11	-1861.45	0
244000	-7.64626e-12	-1748.75	0
245000	1.33802e-11	-1012.09	0
246000	-1.7873e-12	93.8184	0
247000	2.31565e-12	-212.793	0
248000	-9.19082e-12	-953.561	0
249000	-4.52163e-12	-2020.37	0
250000	-3.41829e-12	-1544.58	0
251000	1.28277e-11	-748.055	0
252000	-5.54643e-12	275.854	0
253000	-1.79052e-11	-392.403	0
254000	-1.52459e-12	-1197.06	0
255000	-4.60703e-12	-2076.66	0
256000	-1.21503e-12	-1234.6	0
257000	8.73008e-13	-448.834	0
258000	2.2072e-12	328.741	0
259000	-1.69791e-11	-629.169	0
260000	-7.50859e-12	-1427.17	0
261000	2.31791e-12	-2075.49	0
262000	-3.59444e-12	-957.705	0
263000	-9.58931e-12	-181.616	0
264000	-1.41292e-11	239.567	0
265000	-7.18136e-12	-1000.01	0
266000	-3.32869e-12	-1699.38	0
267000	-4.55982e-12	-1940.86	0
268000	2.91995e-12	-680.832	0
269000	-1.32936e-12	-53.2245	0
270000	-9.57293e-12	-0.627236	0
271000	-2.62361e-11	-1316.98	0
272000	-5.57714e-12	-1878.37	0
273000	-7.41613e-13	-1706.14	0
274000	1.3051e-11	-393.527	0
275000	-3.59287e-12	49.8481	0
276000	-1.18995e-11	-303.4	0
277000	-7.3809e-12	-1535.64	0
278000	-2.3945e-12	-1881.92	0
279000	-2.65114e-12	-1353.28	0
280000	5.25689e-12	-157.345	0
281000	-1.4345e-12	112.526	0
282000	3.11687e-12	-602.977	0
283000	-1.46529e-11	-1690.73	0
284000	2.75459e-12	-1817.06	0
285000	3.71845e-12	-953.798	0
286000	-3.12007e-12	-19.6175	0
287000	-4.75634e-12	23.3096	0
288000	-4.61721e-12	-943.324	0
289000	-5.24029e-12	-1772.56	0
290000	8.31786e-12	-1759.62	0
291000	-1.23416e-12	-667.485	0
292000	-6.08517e-12	23.2004	0
293000	-1.22288e-11	-122.254	0
294000	-1.93509e-11	-1330.65	0
295000	9.73593e-12	-1855.86	0
296000	7.35665e-12	-1628.52	0
297000	-8.54063e-13	-375.02	0
298000	8.01052e-12	-3.49272	0
299000	-2.54889e-11	-315.338	0
300000	3.10409e-12	-1636.2	0
301000	-3.75667e-12	-1841.14	0
302000	5.23128e-12	-1396.92	0
303000	1.27148e-11	-44.4446	0
304000	2.81053e-12	-28.322	0
305000	-1.30246e-11	-551.042	0
306000	-9.33328e-12	-1853.42	0
307000	1.34828e-13	-1693.28	0
308000	1.18046e-11	-1084.77	0
309000	1.09385e-11	204.231	0
310000	-2.16305e-11	-111.247	0
311000	-1.70487e-11	-830.575	0
312000	5.03808e-14	-2042.53	0
313000	1.14981e-11	-1523.13	0
314000	-1.03937e-11	-735.8	0
315000	1.16318e-11	313.614	0
316000	-2.35769e-11	-374.974	0
317000	-7.41058e-12	-1196.5	0
318000	-5.0988e-12	-2111.57	0
319000	1.36169e-11	-1318.24	0
320000	-9.75615e-12	-470.082	0
321000	-1.63188e-11	266.235	0
322000	-1.392e-11	-666.751	0
323000	-6.95176e-12	-1532.69	0
324000	-1.50547e-11	-2058.23	0
325000	2.04978e-11	-1047.45	0
326000	-6.41037e-12	-209.897	0
327000	-9.33853e-12	127.717	0
328000	-9.32836e-12	-911.487	0
329000	-1.42579e-11	-1728.46	0
330000	8.77002e-12	-1856.91	0
331000	-5.07713e-12	-757.02	0
332000	-1.11394e-11	38.0077	0
333000	-1.23691e-12	-53.3294	0
334000	-2.77248e-12	-1136.84	0
335000	-5.18494e-13	-1842.45	0
336000	-2.80638e-12	-1553.93	0
337000	-3.82105e-12	-518.122	0
338000	2.88337e-12	145.397	0
339000	-8.28261e-12	-312.178	0
340000	-2.22391e-11	-1333.81	0
341000	-7.57252e-12	-1959.75	0
342000	8.14952e-12	-1306.99	0
343000	-1.98712e-12	-337.441	0
344000	-1.56919e-12	174.396	0
345000	-1.5289e-11	-672.431	0
346000	-1.91668e-11	-1566.99	0
347000	-9.00861e-12	-2001.45	0
348000	1.02625e-11	-1020.1	0
349000	4.24537e-12	-202.705	0
350000	-4.69424e-12	131.709	0
351000	-1.08123e-11	-1013.1	0
352000	2.99501e-12	-1734.96	0
353000	3.28391e-13	-1915.81	0
354000	6.46938e-13	-643.124	0
355000	8.2745e-12	-49.8264	0
356000	-1.58087e-11	14.7584	0
357000	-2.2804e-11	-1312.38	0
358000	2.2012e-12	-1778.59	0
359000	7.37424e-12	-1702.86	0
360000	8.45881e-12	-281.315	0
361000	-8.1751e-12	65.746	0
362000	-1.65513e-11	-187.23	0
363000	-1.35261e-11	-1632.26	0
364000	2.98243e-12	-1789.48	0
365000	1.89637e-11	-1389.2	0
366000	-3.58262e-12	-8.42767	0
367000	-2.60102e-11	-13.1884	0
368000	3.7869e-12	-533.208	0
369000	-3.37843e-12	-1872.63	0
370000	-2.00661e-12	-1749.18	0
371000	-1.11929e-11	-1104.03	0
372000	1.29011e-12	133.602	0
373000	-3.57977e-12	-166.31	0
374000	-1.64383e-11	-927.55	0
375000	-1.24994e-11	-2016.58	0
376000	2.15611e-11	-1600.43	0
377000	5.71353e-12	-775.213	0
378000	-4.19673e-12	181.119	0
379000	-1.70757e-11	-320.824	0
380000	-7.46381e-13	-1233	0
381000	-1.40813e-12	-2017.38	0
382000	9.06492e-12	-1379.56	0
383000	5.21531e-12	-398.636	0
384000	-1.2546e-11	181.981	0
385000	-2.78048e-11	-507.884	0
386000	-1.13775e-11	-1481.55	0
387000	7.15942e-13	-1880.55	0
388000	4.83359e-12	-1157.7	0
389000	-9.72254e-12	-130.522	0
390000	-2.29826e-12	97.6987	0
391000	-1.86361e-11	-706.063	0
392000	-9.39028e-12	-1765.64	0
393000	-8.48366e-12	-1769.99	0
394000	-7.79634e-13	-934.416	0
395000	-8.6892e-12	73.1078	0
396000	-7.29395e-12	-135.789	0
397000	-1.96758e-11	-988.411	0
398000	-1.04282e-11	-1992.28	0
399000	1.27907e-11	-1605.32	0
400000	6.90669e-12	-722	0
401000	-1.38018e-11	224.119	0
402000	-1.15802e-11	-397.187	0
403000	-2.31303e-12	-1276.13	0
404000	-6.96194e-12	-2100.36	0
405000	1.07983e-11	-1295.95	0
406000	7.73594e-12	-455.194	0
407000	-1.9377e-11	290.824	0
408000	-1.70543e-11	-651.792	0
409000	-1.79714e-11	-1472.42	0
410000	-1.54738e-11	-2078.79	0
411000	5.78983e-12	-935.518	0
412000	1.10901e-11	-159.7	0
413000	-1.22827e-11	253.984	0
414000	-2.9846e-11	-996.494	0
415000	-1.8663e-11	-1650.41	0
416000	1.29916e-11	-1904.51	0
417000	1.90542e-12	-608.619	0
418000	-8.02505e-12	-37.1452	0
419000	-5.9967e-12	49.3017	0
420000	-2.51729e-11	-1325	0
421000	-5.15786e-12	-1811.83	0
422000	1.85185e-11	-1708.19	0
423000	1.35223e-11	-347.783	0
424000	-1.57229e-11	-9.43987	0
425000	-2.23689e-11	-280.419	0
426000	-1.50655e-11	-1596.81	0
427000	1.42457e-11	-1855.25	0
428000	-4.04499e-13	-1437.82	0
429000	1.58783e-11	-150.225	0
430000	-1.24754e-11	9.35091	0
431000	-2.79529e-11	-590.058	0
432000	-1.85239e-11	-1773.89	0
433000	2.5315e-12	-1784.14	0
434000	-1.22341e-11	-1046.1	0
435000	1.57032e-12	11.8331	0
436000	-4.88124e-12	-35.3256	0
437000	1.14631e-11	-867.403	0
438000	-1.97066e-11	-1820.65	0
439000	-5.85384e-12	-1689.3	0
440000	-5.36765e-12	-697.601	0
441000	7.92895e-12	124.739	0
442000	-1.80336e-11	-132.631	0
443000	-7.15953e-12	-1233.15	0
444000	-5.72735e-12	-1877.44	0
445000	-1.1855e-11	-1547.84	0
446000	1.12079e-11	-391.488	0
447000	-2.88771e-12	85.1788	0
448000	-1.3838e-12	-342.759	0
449000	5.32146e-12	-1600.41	0
450000	-1.01847e-11	-1900.2	0
451000	1.22396e-11	-1364.4	0
452000	-2.8096e-12	-91.894	0
453000	-2.22836e-11	-21.3635	0
454000	-1.9241e-12	-625.987	0
455000	-9.7202e-12	-1876.66	0
456000	1.01409e-11	-1764.97	0
457000	-1.08885e-11	-1091.69	0
458000	-6.61895e-12	165.87	0
459000	-2.39132e-11	-131.199	0
460000	-1.712e-11	-886.717	0
461000	-9.17492e-12	-2055.52	0
462000	6.64324e-12	-1515.46	0
463000	9.77446e-12	-716.637	0
464000	-3.81645e-12	325.587	0
465000	-2.18918e-11	-369.273	0
466000	-2.10036e-11	-1159.26	0
467000	-5.65236e-12	-2083.38	0
468000	2.51895e-11	-1250.72	0
469000	1.51552e-11	-444.176	0
470000	-2.22867e-12	320.293	0
471000	-3.31684e-11	-669.269	0
472000	-1.93705e-11	-1466.87	0
473000	8.06862e-12	-2054.7	0
474000	7.36443e-12	-996.929	0
475000	-1.18525e-11	-255.253	0
476000	1.63656e-11	159.031	0
477000	-2.15846e-11	-967.322	0
478000	-2.28432e-11	-1702.58	0
479000	-3.2093e-12	-1934.78	0
480000	8.61984e-12	-745.792	0
481000	-1.04579e-11	-63.0623	0
482000	-1.38589e-11	-43.1519	0
483000	-2.86898e-11	-1220.52	0
484000	-3.58845e-12	-1815.04	0
485000	-7.94182e-12	-1653.32	0
486000	8.39099e-12	-493.782	0
487000	6.0837e-12	81.198	0
488000	-4.07634e-11	-243.518	0
489000	-8.99527e-12	-1387.85	0
490000	1.35399e-11	-1893.7	0
491000	1.21498e-12	-1345.36	0
492000	1.00759e-11	-244.396	0
493000	-6.34187e-12	161.771	0
494000	4.07991e-12	-568.488	0
495000	-2.44741e-11	-1586.73	0
496000	-1.70567e-11	-1920.93	0
497000	3.47661e-13	-1037.22	0
498000	1.54764e-12	-106.9	0
499000	-5.73524e-12	111.572	0
500000	-7.15843e-12	-964.009	0
501000	-4.73017e-12	-1787.1	0
502000	-7.27932e-12	-1879.71	0
503000	2.66113e-12	-692.488	0
504000	4.94825e-12	-31.7766	0
505000	7.15985e-12	-50.6949	0
506000	-8.06769e-12	-1329.66	0
507000	-9.91754e-12	-1857.6	0
508000	-1.47513e-11	-1711.73	0
509000	1.35499e-12	-325.061	0
510000	4.04113e-12	46.8257	0
511000	-8.44323e-12	-248.075	0
512000	-2.2612e-11	-1648.34	0
513000	1.4317e-12	-1797.1	0
514000	8.54296e-12	-1377.82	0
515000	1.1611e-11	-2.17937	0
516000	2.62071e-12	-6.40619	0
517000	-2.04454e-11	-506.728	0
518000	-2.98865e-11	-1849.39	0
519000	1.97007e-11	-1686.18	0
520000	1.62458e-11	-1073.93	0
521000	-2.16734e-12	186.537	0
522000	-2.21972e-11	-162.852	0
523000	-1.84271e-11	-860.514	0
524000	-9.18102e-12	-2007.16	0
525000	1.88249e-11	-1545.12	0
526000	1.16244e-11	-807.49	0
527000	-6.15041e-12	217.046	0
528000	-3.83894e-11	-372.49	0
529000	-2.06216e-11	-1203.17	0
530000	-9.1827e-12	-2083.3	0
531000	5.20727e-12	-1364.15	0
532000	2.23768e-12	-499.159	0
533000	4.1239e-12	188.531	0
534000	-1.55654e-11	-592.178	0
535000	-2.05587e-11	-1457.02	0
536000	-1.49606e-11	-1980.48	0
537000	1.92558e-11	-1137.85	0
538000	1.12708e-11	-204.806	0
539000	-1.64072e-11	154.354	0
540000	-2.09943e-11	-764.615	0
541000	-3.20809e-12	-1700.8	0
542000	-7.96539e-12	-1815.18	0
543000	1.00348e-11	-850.532	0
544000	-4.90122e-12	54.6769	0
545000	4.80458e-13	-31.3177	0
546000	-2.42438e-11	-1007.33	0
547000	-8.75358e-12	-1907.53	0
548000	-7.92503e-12	-1621.16	0
549000	3.69247e-13	-623.521	0
550000	-1.46889e-11	207.104	0
551000	8.86933e-12	-335.75	0
552000	-3.54145e-11	-1320.61	0
553000	-9.02404e-12	-2058.37	0
554000	1.09112e-11	-1343.41	0
555000	1.32274e-11	-426.065	0
556000	-4.45826e-12	231.278	0
557000	-2.44535e-11	-663.855	0
558000	2.11995e-12	-1554.91	0
559000	-9.28807e-12	-2086.66	0
560000	1.60609e-11	-983.198	0
561000	5.01137e-12	-175.721	0
562000	-3.16281e-13	188.487	0
563000	-1.65677e-11	-1018.46	0
564000	-1.49028e-11	-1673.61	0
565000	7.63949e-12	-1897.38	0
566000	-3.56374e-12	-606.33	0
567000	1.34684e-11	-31.1177	0
568000	-1.87482e-11	62.7204	0
569000	-4.09563e-11	-1309.07	0
570000	1.84611e-11	-1755.91	0
571000	1.22046e-11	-1673.09	0
572000	1.39281e-11	-292.765	0
573000	-6.98844e-12	-1.05182	0
574000	-2.80701e-11	-218.353	0
575000	-2.16365e-11	-1585.29	0
576000	9.13176e-12	-1794.04	0
577000	1.16006e-11	-1454.1	0
578000	3.26192e-11	-107.32	0
579000	-2.51143e-11	-37.2703	0
580000	1.16077e-12	-559.427	0
581000	-3.23933e-11	-1831.36	0
582000	-1.066e-11	-1762.41	0
583000	5.38267e-12	-1139.35	0
584000	2.0337e-11	17.9593	0
585000	-2.26976e-11	-121.352	0
586000	-7.60873e-12	-847.37	0
587000	-1.67508e-11	-1921.09	0
588000	2.3182e-11	-1672.62	0
589000	9.62377e-12	-777.961	0
590000	-1.53607e-12	172.347	0
591000	-5.06124e-12	-197.668	0
592000	-1.95058e-11	-1174.36	0
593000	1.16289e-12	-1930.65	0
594000	2.2639e-11	-1471.64	0
595000	-4.2991e-12	-414.461	0
596000	-9.79265e-12	190.215	0
597000	-6.29332e-12	-362.212	0
598000	-1.29645e-11	-1516.26	0
599000	-2.30421e-11	-1919.19	0
600000	1.93747e-12	-1263.1	0
601000	1.13901e-11	-102.398	0
602000	-5.24882e-12	53.5619	0
603000	-1.90584e-11	-664.211	0
604000	1.08436e-12	-1831.61	0
605000	1.45397e-11	-1813.07	0
606000	3.15275e-13	-1051.1	0
607000	-1.43851e-12	117.528	0
608000	-4.55302e-12	-133.316	0
609000	-1.84885e-11	-973.59	0
610000	-9.00309e-13	-2066.29	0
611000	-5.24119e-12	-1567.66	0
612000	1.14743e-11	-726.227	0
613000	2.35253e-11	260.785	0
614000	-3.48966e-11	-393.596	0
615000	-2.60597e-11	-1199.77	0
616000	1.55774e-11	-2086.37	0
617000	-3.99355e-12	-1254.96	0
618000	1.16564e-11	-434.673	0
619000	2.81492e-12	325.838	0
620000	-3.59102e-11	-660.718	0
621000	-6.47611e-12	-1422.9	0
622000	-6.12885e-12	-2020.31	0
623000	4.43871e-12	-942.77	0
624000	9.55053e-12	-239.505	0
625000	-2.22782e-11	220.554	0
626000	-2.79368e-11	-953.882	0
627000	-1.92342e-11	-1641.27	0
628000	1.24183e-11	-1939.54	0
629000	4.33005e-11	-695.464	0
630000	-2.46306e-12	-101.027	0
631000	-2.64308e-11	-8.19489	0
632000	-6.53642e-11	-1268.15	0
633000	-5.09103e-12	-1789.93	0
634000	4.31937e-12	-1742.72	0
635000	5.03755e-11	-486.538	0
636000	6.21474e-12	-0.250664	0
637000	-1.26662e-12	-223.537	0
638000	-2.52702e-11	-1488.25	0
639000	-1.18421e-11	-1882.53	0
640000	5.2899e-12	-1434.69	0
641000	9.22621e-12	-206.678	0
642000	-1.1433e-11	94.8177	0
643000	-1.76528e-11	-510.471	0
644000	-3.21232e-12	-1648.5	0
645000	1.3486e-11	-1858.53	0
646000	1.03909e-11	-1069.25	0
647000	-1.57738e-11	-2.02727	0
648000	-4.3764e-12	94.0687	0
649000	-9.50066e-12	-877.563	0
650000	-2.2787e-14	-1809.89	0
651000	8.01219e-13	-1782.61	0
652000	1.78467e-11	-702.754	0
653000	1.16659e-11	58.0536	0
654000	-1.59047e-11	-76.4433	0
655000	-2.22942e-11	-1279.19	0
656000	-7.45479e-13	-1908.89	0
657000	2.03809e-11	-1664.36	0
658000	3.09292e-11	-365.128	0
659000	1.56255e-11	57.2321	0
660000	-3.20379e-11	-331.084	0
661000	-1.76287e-11	-1656.77	0
662000	1.35831e-11	-1856.92	0
663000	1.68637e-12	-1386.4	0
664000	3.0414e-11	-65.9799	0
665000	7.21628e-12	-28.4809	0
666000	-1.7722e-11	-559.794	0
667000	-3.12554e-11	-1859.85	0
668000	1.10971e-11	-1698.84	0
669000	2.34112e-11	-1066.73	0
670000	8.85498e-12	181.828	0
671000	-2.0693e-11	-157.454	0
672000	-2.11485e-11	-824.681	0
673000	-1.83413e-11	-1975.43	0
674000	1.91391e-11	-1496.39	0
675000	-2.7721e-12	-788.097	0
676000	-8.21088e-12	275.34	0
677000	-2.59417e-12	-356.13	0
678000	-1.04442e-11	-1137.38	0
679000	7.10392e-12	-2075.44	0
680000	1.83826e-11	-1311.83	0
681000	2.29305e-11	-533.158	0
682000	-2.8895e-11	228.357	0
683000	-4.77184e-11	-626.608	0
684000	3.97761e-12	-1425.05	0
685000	-7.88385e-13	-2062.71	0
686000	4.24886e-11	-1130.57	0
687000	5.26308e-12	-286.389	0
688000	-2.2018e-11	173.634	0
689000	-3.72408e-11	-858.272	0
690000	-1.47254e-11	-1689.66	0
691000	4.58505e-12	-1913.61	0
692000	4.02571e-11	-825.618	0
693000	2.39184e-12	-16.5342	0
694000	-8.13713e-12	24.7905	0
695000	-5.21999e-11	-1074.14	0
696000	-2.65804e-11	-1853.75	0
697000	-4.99729e-12	-1663.21	0
698000	2.53508e-11	-526.794	0
699000	1.21676e-11	186.837	0
700000	-1.19836e-11	-245.337	0
701000	-3.19235e-11	-1344.19	0
702000	5.07968e-12	-1964.88	0
703000	1.19525e-11	-1354.68	0
704000	3.2467e-11	-326.219	0
705000	-1.1567e-11	212.88	0
706000	-8.06963e-12	-607.027	0
707000	1.25233e-11	-1603.45	0
708000	-5.68241e-12	-2030.68	0
709000	1.06086e-11	-1017.71	0
710000	-7.79623e-12	-154.434	0
711000	6.65179e-12	110.078	0
712000	-1.97906e-12	-1023.44	0
713000	-1.31228e-11	-1737.41	0
714000	-1.3771e-11	-1900.49	0
715000	1.57038e-11	-669.11	0
716000	7.41902e-12	-54.2905	0
717000	-1.80543e-12	-2.78151	0
718000	-1.1937e-11	-1323.68	0
719000	1.34703e-12	-1774.87	0
720000	1.89482e-11	-1667.08	0
721000	1.31825e-11	-307.097	0
722000	-1.28339e-11	-1.91851	0
723000	-1.6308e-11	-195.696	0
724000	2.08012e-12	-1556.35	0
725000	-3.88757e-12	-1746.94	0
726000	2.27112e-11	-1430.26	0
727000	4.67847e-12	-55.4661	0
728000	-7.13624e-12	-21.4329	0
729000	-1.78648e-11	-492.436	0
730000	-1.05511e-11	-1812.5	0
731000	1.85386e-11	-1705.42	0
732000	2.44749e-11	-1165.59	0
733000	1.09037e-11	60.5742	0
734000	-2.59508e-11	-147.571	0
735000	-1.30558e-11	-809.219	0
736000	-1.24243e-11	-1992.21	0
737000	2.09035e-11	-1661.95	0
738000	2.89639e-11	-857.443	0
739000	2.5616e-11	191.062	0
740000	-3.58688e-11	-287.073	0
741000	-3.89161e-11	-1164.82	0
742000	-3.65234e-12	-2033.79	0
743000	1.95098e-11	-1454.07	0
744000	4.12654e-12	-489.205	0
745000	1.47575e-11	241.659	0
746000	-4.22341e-11	-435.556	0
747000	-6.23515e-12	-1472.27	0
748000	3.22824e-12	-1971.34	0
749000	3.04735e-11	-1172.63	0
750000	3.92811e-12	-123.991	0
751000	-2.88721e-11	144.768	0
752000	-9.18983e-12	-692.753	0
753000	4.22358e-12	-1743.32	0
754000	8.56383e-12	-1825.16	0
755000	1.79275e-11	-941.465	0
756000	-3.29739e-12	107.403	0
757000	-2.68723e-11	-70.3699	0
758000	-2.45082e-11	-1022.73	0
759000	1.5463e-11	-2004.79	0
760000	3.00056e-12	-1594.4	0
761000	2.19818e-11	-689.621	0
762000	-3.93069e-12	189.308	0
763000	-3.42439e-11	-395.599	0
764000	-4.55453e-12	-1269.25	0
765000	-2.49729e-11	-2085.77	0
766000	9.11531e-12	-1314.48	0
767000	3.14084e-11	-452.404	0
768000	1.46861e-11	252.31	0
769000	-1.8584e-11	-681.85	0
770000	-3.78088e-11	-1452.6	0
771000	-1.07807e-11	-2016.42	0
772000	3.6148e-11	-964.074	0
773000	7.83348e-12	-243.114	0
774000	5.22482e-12	231.469	0
775000	-1.36967e-11	-931.167	0
776000	-3.03808e-11	-1602.06	0
777000	-2.50764e-11	-1913.51	0
778000	4.27148e-12	-646.988	0
779000	1.86315e-11	-83.1836	0
780000	3.4714e-11	58.0051	0
781000	-2.27787e-11	-1242.49	0
782000	-2.16573e-11	-1732.25	0
783000	-1.62377e-11	-1762.5	0
784000	-1.66532e-11	-438.41	0
785000	1.18548e-11	-13.9039	0
786000	-1.04568e-11	-178.921	0
787000	-2.4955e-11	-1551.59	0
788000	2.65332e-11	-1870.8	0
789000	-1.33747e-11	-1510.85	0
790000	1.46173e-11	-185.396	0
791000	-1.49644e-11	14.2822	0
792000	1.72908e-12	-499.523	0
793000	-1.01959e-11	-1757.64	0
794000	1.85302e-11	-1852.02	0
795000	7.72036e-12	-1147.3	0
796000	1.2627e-11	48.7518	0
797000	-5.56644e-11	18.0524	0
798000	-1.4879e-11	-842.866	0
799000	-3.3567e-12	-1874.78	0
800000	2.24737e-11	-1703.61	0
