0.1525	0.0975	0	
0	-0	-0	0
1000	4.27094e-14	-3.84125	0
2000	1.08971e-14	-251.561	0
3000	1.88885e-14	-227.781	0
4000	-4.56485e-15	-189.269	0
5000	-1.86941e-13	58.9512	0
6000	1.18304e-13	5.66182	0
7000	-5.19825e-13	-60.2982	0
8000	-6.25683e-13	-271.246	0
9000	1.05082e-12	-170.092	0
10000	-1.11272e-12	-87.8285	0
11000	1.2335e-15	80.852	0
12000	1.18701e-13	-30.6365	0
13000	-1.16336e-13	-101.186	0
14000	-1.27303e-13	-231.641	0
15000	-1.84857e-13	-123.99	0
16000	-1.26185e-12	-55.2244	0
17000	1.43967e-12	39.5502	0
18000	-4.85506e-12	-69.6403	0
19000	3.79547e-12	-138.062	0
20000	-2.83797e-12	-207.84	0
21000	3.55066e-12	-133.461	0
22000	-1.86952e-12	-72.3165	0
23000	4.71768e-13	-10.5233	0
24000	-2.1506e-12	-71.7166	0
25000	3.04404e-12	-171.729	0
26000	-1.40078e-12	-221.497	0
27000	7.37847e-13	-153.133	0
28000	3.64831e-12	-38.2156	0
29000	-1.03428e-12	-21.7764	0
30000	-2.4345e-13	-68.039	0
31000	-2.8809e-12	-183.373	0
32000	3.61774e-13	-194.428	0
33000	2.90532e-12	-153.7	0
34000	-4.80334e-12	17.6649	0
35000	3.63727e-12	18.567	0
36000	-5.24154e-12	-51.8583	0
37000	3.15049e-12	-236.914	0
38000	-6.90766e-12	-173.207	0
39000	2.76831e-12	-90.7188	0
40000	-3.25639e-12	84.0237	0
41000	6.41179e-12	-12.0399	0
42000	-3.16899e-12	-98.8852	0
43000	6.95756e-13	-286.813	0
44000	2.35696e-12	-149.625	0
45000	-1.94189e-12	-41.9528	0
46000	-7.71094e-13	104.929	0
47000	2.47298e-12	-106.352	0
48000	-6.20654e-15	-191.223	0
49000	-4.37373e-12	-289.039	0
50000	-1.47571e-13	-84.6835	0
51000	-6.08469e-14	-39.1025	0
52000	-3.10174e-12	54.4447	0
53000	-6.95952e-12	-160.524	0
54000	1.78961e-12	-216.115	0
55000	-1.20696e-12	-266.715	0
56000	5.26425e-12	-13.3595	0
57000	-4.48155e-12	3.40814	0
58000	-1.41417e-12	0.553998	0
59000	3.37338e-12	-207.527	0
60000	2.83627e-12	-169.907	0
61000	-4.73863e-13	-169.411	0
62000	-6.20518e-12	11.328	0
63000	-3.37653e-12	-4.79914	0
64000	2.87678e-12	-15.0802	0
65000	-7.08613e-12	-193.99	0
66000	-6.52347e-13	-157.387	0
67000	5.18699e-12	-121.183	0
68000	1.21719e-11	4.38281	0
69000	-3.75162e-12	-38.6088	0
70000	-4.23497e-12	-52.3136	0
71000	-7.01012e-13	-168.435	0
72000	3.00228e-12	-185.728	0
73000	5.16324e-12	-151.444	0
74000	4.13306e-12	-15.2623	0
75000	-6.17921e-12	-16.5748	0
76000	-4.84113e-12	-111.737	0
77000	5.32917e-12	-209.374	0
78000	1.96241e-12	-198.383	0
79000	1.64161e-12	-113.635	0
80000	3.06406e-12	-31.7728	0
81000	-4.42234e-12	1.69978	0
82000	-2.81721e-12	-119.75	0
83000	1.40387e-12	-220.173	0
84000	-9.7848e-13	-222.472	0
85000	5.06064e-12	-28.8712	0
86000	2.10529e-12	31.8275	0
87000	7.71303e-13	6.71467	0
88000	1.87324e-12	-179.058	0
89000	1.87966e-12	-197.703	0
90000	6.25438e-12	-178.44	0
91000	-1.60029e-13	39.5299	0
92000	7.28305e-13	44.7728	0
93000	1.96115e-12	-22.1806	0
94000	2.89092e-12	-265.705	0
95000	4.18303e-12	-191.87	0
96000	-3.23184e-12	-105.194	0
97000	-7.68716e-12	78.0049	0
98000	1.23025e-11	-47.6777	0
99000	-7.15636e-12	-103.59	0
100000	6.55569e-12	-282.316	0
101000	3.60749e-12	-166.671	0
102000	3.24281e-12	-99.3413	0
103000	9.18596e-13	78.0146	0
104000	-7.07372e-12	-94.5349	0
105000	-1.03453e-11	-170.01	0
106000	4.36886e-13	-282.178	0
107000	1.01571e-11	-90.0003	0
108000	-5.90865e-12	-58.8285	0
109000	-1.61434e-11	37.474	0
110000	-8.79196e-12	-119.784	0
111000	1.24231e-11	-145.065	0
112000	7.14629e-12	-230.561	0
113000	-1.02937e-11	-53.4563	0
114000	1.27191e-12	-21.3895	0
115000	-5.53582e-13	26.2281	0
116000	3.31394e-12	-129.422	0
117000	-1.18683e-11	-132.351	0
118000	2.22094e-12	-182.651	0
119000	8.45433e-12	-66.0104	0
120000	8.19736e-12	-28.6245	0
121000	-1.81923e-12	23.5363	0
122000	-1.24401e-11	-124.031	0
123000	1.11401e-12	-196.66	0
124000	1.63592e-11	-202.086	0
125000	6.95929e-12	-60.6008	0
126000	-1.71706e-11	-11.1387	0
127000	5.62896e-12	-35.9437	0
128000	4.27112e-12	-155.183	0
129000	6.56936e-12	-231.088	0
130000	1.90137e-11	-193.1	0
131000	-1.41352e-13	-58.5457	0
132000	1.01876e-11	33.8407	0
133000	2.82088e-12	-62.1156	0
134000	4.22808e-12	-190.282	0
135000	-1.11787e-11	-253.158	0
136000	4.64266e-12	-112.401	0
137000	1.67311e-13	-1.98958	0
138000	-2.60242e-12	65.1505	0
139000	-4.72151e-12	-101.687	0
140000	-3.14238e-12	-200.222	0
141000	1.97784e-11	-241.392	0
142000	1.46552e-11	-20.8934	0
143000	-7.24521e-12	43.6717	0
144000	-8.26224e-12	41.3716	0
145000	-6.0085e-12	-188.56	0
146000	1.24956e-11	-198.195	0
147000	1.18292e-11	-192.932	0
148000	3.58902e-12	18.3433	0
149000	-7.05129e-12	-3.40359	0
150000	7.89788e-12	-18.0082	0
151000	5.57332e-12	-243.513	0
152000	-5.05277e-12	-202.587	0
153000	1.01682e-11	-174.451	0
154000	1.7225e-11	37.0141	0
155000	-3.26047e-12	-43.8945	0
156000	3.10801e-12	-79.2257	0
157000	-6.19257e-12	-266.363	0
158000	4.80394e-12	-166.992	0
159000	1.77731e-11	-133.051	0
160000	-1.92635e-12	41.6728	0
161000	3.14749e-12	-58.6881	0
162000	2.26967e-13	-86.4158	0
163000	1.45231e-11	-235.119	0
164000	-3.23106e-12	-126.816	0
165000	1.31407e-11	-92.1868	0
166000	5.0169e-12	47.7433	0
167000	1.56592e-12	-47.855	0
168000	6.87756e-12	-86.4957	0
169000	-7.24834e-12	-216.73	0
170000	7.97137e-12	-128.545	0
171000	3.05104e-11	-66.9205	0
172000	2.16867e-11	52.2889	0
173000	-8.79264e-12	-50.4135	0
174000	-5.26585e-12	-148.851	0
175000	8.53119e-12	-244.616	0
176000	1.18779e-11	-134.967	0
177000	-3.25818e-12	-32.1418	0
178000	-1.17363e-11	19.1479	0
179000	-6.34266e-12	-91.323	0
180000	9.77257e-12	-208.275	0
181000	-3.98449e-12	-242.332	0
182000	3.84235e-12	-134.707	0
183000	8.72413e-12	10.0759	0
184000	-6.74256e-12	8.52068	0
185000	-4.14074e-12	-115.834	0
186000	-1.85462e-11	-258.511	0
187000	-4.12253e-12	-192.332	0
188000	1.68394e-12	-66.6653	0
189000	1.826e-11	68.2269	0
190000	-1.51576e-11	-27.2407	0
191000	-1.78769e-12	-133.691	0
192000	-5.38363e-13	-260.339	0
193000	-1.91155e-13	-118.363	0
194000	2.16917e-11	-10.9277	0
195000	-3.90039e-12	90.1196	0
196000	1.86723e-12	-96.0243	0
197000	-4.17826e-12	-164.811	0
198000	1.26836e-11	-240.489	0
199000	4.1242e-12	-64.7371	0
200000	5.39622e-12	-31.7564	0
201000	1.99533e-11	49.6643	0
202000	-3.10768e-12	-146.345	0
203000	1.76809e-13	-192.38	0
204000	5.12791e-12	-256.721	0
205000	1.87302e-11	-35.4474	0
206000	1.6897e-11	-31.2148	0
207000	-1.05136e-11	-6.56974	0
208000	-2.89392e-11	-205.873	0
209000	-2.62513e-12	-177.771	0
210000	8.89986e-12	-214.531	0
211000	3.58505e-11	-23.2232	0
212000	1.4428e-12	-30.1665	0
213000	-8.54253e-12	-3.14611	0
214000	4.32484e-12	-203.053	0
215000	1.42943e-11	-169.905	0
216000	-1.98147e-12	-161.211	0
217000	-6.64919e-13	15.1297	0
218000	1.67829e-11	-17.9833	0
219000	8.86419e-12	-10.3578	0
220000	-1.35764e-11	-181.312	0
221000	4.29741e-12	-178.236	0
222000	3.9335e-12	-145.813	0
223000	2.01161e-11	42.9596	0
224000	2.39357e-11	5.38721	0
225000	-4.63834e-12	-83.6139	0
226000	1.11418e-14	-227.204	0
227000	-1.65798e-11	-176.639	0
228000	1.23268e-11	-106.626	0
229000	7.32142e-12	6.608	0
230000	-3.88759e-12	-18.6832	0
231000	-7.622e-12	-131.256	0
232000	3.84892e-12	-257.899	0
233000	-5.39617e-12	-208.085	0
234000	9.63962e-12	-46.1195	0
235000	2.24823e-11	22.9454	0
236000	-4.89775e-12	-48.7793	0
237000	-1.62318e-11	-194.768	0
238000	4.46601e-12	-220.769	0
239000	8.04765e-12	-165.781	0
240000	1.41033e-11	12.246	0
241000	1.16131e-11	31.3188	0
242000	-3.48464e-12	-48.5234	0
243000	7.75885e-12	-239.623	0
244000	4.2161e-12	-175.726	0
245000	9.55065e-12	-85.3411	0
246000	-8.3751e-13	63.4389	0
247000	-1.28448e-11	-30.0416	0
248000	-6.09717e-12	-74.7346	0
249000	-1.62311e-11	-235.543	0
250000	-4.98792e-12	-152.786	0
251000	5.86081e-12	-91.7724	0
252000	1.77329e-11	80.6982	0
253000	1.48603e-11	-70.9204	0
254000	-9.40189e-12	-146.687	0
255000	-1.8449e-11	-272.845	0
256000	-1.09997e-11	-107.108	0
257000	-1.99358e-12	-84.2766	0
258000	7.29364e-12	32.1014	0
259000	-1.16315e-11	-118.778	0
260000	-1.73382e-11	-153.489	0
261000	5.02141e-12	-271.861	0
262000	1.32444e-11	-84.9413	0
263000	1.30629e-11	-46.5158	0
264000	2.04087e-11	29.0735	0
265000	4.01022e-12	-146.621	0
266000	-3.86046e-12	-143.873	0
267000	-6.99428e-12	-215.046	0
268000	6.02348e-12	-58.9007	0
269000	1.06065e-11	-21.724	0
270000	2.6206e-11	53.5584	0
271000	3.08514e-12	-136.179	0
272000	-1.06974e-11	-181.76	0
273000	1.03528e-11	-191.002	0
274000	6.37001e-12	-8.67453	0
275000	2.02513e-11	-1.10506	0
276000	1.00784e-11	-10.1332	0
277000	7.77429e-12	-159.184	0
278000	3.75765e-12	-196.339	0
279000	1.80873e-11	-187.147	0
280000	-1.87927e-11	-27.9167	0
281000	-1.03682e-11	13.7261	0
282000	1.1586e-11	-63.6625	0
283000	2.39172e-11	-216.278	0
284000	-2.65492e-12	-233.513	0
285000	6.89049e-12	-134.809	0
286000	-6.67996e-12	-17.4389	0
287000	5.39521e-12	12.5289	0
288000	1.55243e-12	-108.426	0
289000	1.87709e-11	-224.019	0
290000	-1.49862e-11	-237.31	0
291000	9.75624e-12	-53.5282	0
292000	1.94481e-11	31.534	0
293000	2.72194e-12	12.833	0
294000	1.05213e-11	-167.893	0
295000	-4.49491e-13	-189.396	0
296000	1.20875e-11	-177.337	0
297000	-1.30898e-11	3.57498	0
298000	-1.50862e-11	19.0343	0
299000	4.59093e-12	7.54003	0
300000	9.46355e-12	-206.587	0
301000	1.56081e-11	-192.273	0
302000	2.89175e-11	-154.285	0
303000	-1.58909e-13	49.7183	0
304000	2.94862e-12	-21.907	0
305000	9.84038e-12	-63.6271	0
306000	2.27106e-11	-255.526	0
307000	1.11467e-11	-174.813	0
308000	1.60349e-11	-143.409	0
309000	7.7855e-12	42.7767	0
310000	-2.51947e-11	-64.8947	0
311000	4.03516e-12	-106.963	0
312000	-4.6374e-12	-270.492	0
313000	2.07527e-11	-142.562	0
314000	-6.94953e-13	-112.086	0
315000	3.03146e-11	37.9894	0
316000	-4.92895e-12	-76.0551	0
317000	-8.57551e-12	-101.068	0
318000	5.98243e-12	-245.043	0
319000	-8.71305e-12	-118.647	0
320000	-1.75378e-11	-63.8759	0
321000	5.42392e-12	67.6584	0
322000	1.3329e-11	-71.5558	0
323000	-1.30203e-11	-128.866	0
324000	1.39889e-12	-226.104	0
325000	-6.87952e-12	-89.0265	0
326000	4.3608e-11	-29.9147	0
327000	-2.87068e-11	46.5632	0
328000	2.38849e-11	-89.1019	0
329000	1.65325e-11	-171.358	0
330000	-2.81083e-11	-234.841	0
331000	6.22345e-12	-102.271	0
332000	-1.34162e-11	-7.13056	0
333000	1.3275e-11	15.1471	0
334000	-2.81551e-12	-132.598	0
335000	2.30819e-11	-240.746	0
336000	9.12819e-12	-223.146	0
337000	-2.89367e-12	-77.6487	0
338000	-5.24786e-12	30.1826	0
339000	-1.3635e-12	-29.5926	0
340000	1.36114e-11	-168.482	0
341000	-6.06803e-12	-266.064	0
342000	3.08933e-11	-152.79	0
343000	-1.70318e-11	-17.7031	0
344000	-1.0152e-11	66.5093	0
345000	-3.37407e-12	-79.701	0
346000	2.87534e-12	-174.883	0
347000	3.34433e-11	-237.064	0
348000	1.38844e-11	-71.7464	0
349000	-1.58294e-11	4.4276	0
350000	-1.15367e-11	69.9576	0
351000	-2.87223e-11	-123.83	0
352000	7.26114e-12	-189.182	0
353000	1.26462e-11	-230.36	0
354000	2.57382e-11	-13.1466	0
355000	2.52642e-11	-0.118092	0
356000	-3.88143e-11	6.78058	0
357000	1.37922e-11	-202.273	0
358000	-6.51111e-12	-184.118	0
359000	1.81271e-11	-208.549	0
360000	-2.98502e-12	-13.6412	0
361000	5.12322e-12	-40.5168	0
362000	-1.94285e-11	-28.016	0
363000	-7.99295e-12	-231.714	0
364000	2.38263e-11	-181.078	0
365000	1.84319e-11	-180.886	0
366000	1.52623e-11	2.00158	0
367000	-7.38594e-12	-49.2931	0
368000	-1.65366e-11	-28.6157	0
369000	-9.72711e-12	-207.243	0
370000	1.54464e-11	-169.673	0
371000	3.14345e-11	-153.812	0
372000	8.88341e-12	46.5493	0
373000	-6.6328e-12	-11.3479	0
374000	2.6091e-12	-55.6987	0
375000	1.65034e-11	-213.201	0
376000	2.39276e-11	-144.76	0
377000	3.67339e-11	-110.447	0
378000	-9.2929e-12	38.4142	0
379000	6.99478e-12	-5.64798	0
380000	-4.34634e-11	-86.7276	0
381000	1.15337e-11	-254.335	0
382000	-1.12517e-11	-186.946	0
383000	5.07022e-11	-61.0881	0
384000	-1.09767e-11	48.9175	0
385000	-1.54568e-11	-51.6069	0
386000	1.23243e-11	-182.08	0
387000	2.49253e-12	-261.649	0
388000	1.58507e-11	-175.606	0
389000	1.00853e-11	-15.5567	0
390000	-1.12739e-12	39.4555	0
391000	-4.54287e-11	-82.3639	0
392000	6.30812e-12	-255.696	0
393000	1.81267e-11	-221.936	0
394000	1.83758e-11	-89.7998	0
395000	-1.52168e-11	47.9491	0
396000	1.3907e-11	-15.8674	0
397000	-2.57938e-12	-98.1062	0
398000	-2.95942e-11	-238.94	0
399000	3.06853e-11	-159.549	0
400000	2.02476e-11	-54.5917	0
401000	-1.22153e-12	97.0139	0
402000	-7.8216e-12	-52.4842	0
403000	2.63527e-11	-147.633	0
404000	-1.2048e-11	-243.417	0
405000	1.39132e-11	-78.7771	0
406000	2.30771e-11	-51.2843	0
407000	5.73899e-12	38.8367	0
408000	-3.1795e-11	-113.387	0
409000	-4.76461e-12	-147.842	0
410000	3.46891e-11	-254.61	0
411000	-5.24538e-12	-78.0339	0
412000	2.83656e-11	-62.1583	0
413000	-2.04377e-11	4.54538	0
414000	5.81267e-12	-164.405	0
415000	-2.67528e-11	-144.218	0
416000	3.76066e-11	-232.539	0
417000	-1.61825e-11	-85.1331	0
418000	5.13979e-11	-63.7398	0
419000	-3.58085e-12	39.1553	0
420000	-3.08407e-11	-149.436	0
421000	-1.67124e-11	-174.238	0
422000	2.08014e-11	-212.989	0
423000	2.75798e-11	-19.3809	0
424000	1.93778e-11	-19.4435	0
425000	2.28656e-12	23.845	0
426000	1.42441e-12	-140.283	0
427000	1.87667e-13	-171.887	0
428000	1.21184e-11	-204.003	0
429000	1.27761e-11	-0.346887	0
430000	-3.84643e-12	37.0441	0
431000	-2.65015e-11	-10.2896	0
432000	2.74352e-12	-214.087	0
433000	-1.91117e-11	-217.11	0
434000	4.13649e-11	-147.755	0
435000	3.79807e-11	15.7998	0
436000	3.35345e-11	17.3166	0
437000	-2.30133e-11	-92.1402	0
438000	2.05188e-12	-265.636	0
439000	-1.19964e-12	-245.475	0
440000	3.53856e-11	-73.667	0
441000	-6.37927e-13	45.1826	0
442000	1.50355e-11	-26.4084	0
443000	1.80154e-12	-190.6	0
444000	-1.29224e-11	-233.681	0
445000	4.39795e-11	-175.247	0
446000	3.61814e-11	-13.5889	0
447000	2.68172e-11	24.1514	0
448000	4.32716e-12	-26.8817	0
449000	-3.04691e-11	-213.535	0
450000	-2.46837e-12	-194.738	0
451000	2.49494e-11	-111.748	0
452000	1.76693e-11	57.0852	0
453000	-5.3435e-13	-19.0209	0
454000	-2.25715e-11	-69.5676	0
455000	-2.8655e-11	-213.816	0
456000	1.20659e-11	-136.979	0
457000	3.52102e-11	-111.884	0
458000	2.79422e-11	40.412	0
459000	2.37012e-11	-62.3714	0
460000	-1.06165e-11	-95.0998	0
461000	-2.97625e-12	-237.488	0
462000	-1.43081e-11	-127.214	0
463000	1.10693e-11	-132.171	0
464000	6.55445e-12	5.50408	0
465000	-2.01147e-12	-86.6362	0
466000	-1.8759e-11	-89.6048	0
467000	2.52045e-11	-258.546	0
468000	6.42831e-12	-150.764	0
469000	2.90068e-11	-109.335	0
470000	2.67784e-11	51.1311	0
471000	1.52927e-11	-83.5224	0
472000	6.45263e-12	-120.849	0
473000	-1.31625e-11	-251.557	0
474000	2.58301e-11	-109.674	0
475000	3.59347e-11	-51.4823	0
476000	-3.60884e-11	82.714	0
477000	3.76352e-11	-73.2821	0
478000	-2.93799e-11	-158.259	0
479000	1.19259e-11	-254.838	0
480000	3.40536e-12	-68.7513	0
481000	2.27913e-11	20.6147	0
482000	-1.5424e-11	65.4299	0
483000	1.36153e-11	-134.362	0
484000	4.14764e-13	-226.407	0
485000	1.85805e-11	-230.965	0
486000	3.4112e-11	-31.2253	0
487000	9.49737e-12	44.1487	0
488000	4.07253e-12	-19.5607	0
489000	-1.80792e-11	-218.088	0
490000	9.34679e-12	-265.926	0
491000	-3.8267e-12	-157.009	0
492000	-2.36396e-11	1.18281	0
493000	3.80349e-11	20.856	0
494000	-1.80855e-11	-109.506	0
495000	4.29578e-12	-222.631	0
496000	1.79741e-11	-230.189	0
497000	3.98485e-11	-80.6902	0
498000	1.55672e-11	7.954	0
499000	3.25888e-11	19.0238	0
500000	-4.81697e-13	-141.402	0
501000	-1.5447e-11	-188.331	0
502000	-2.80851e-11	-182.894	0
503000	2.17196e-11	-11.8576	0
504000	1.4391e-12	-3.78574	0
505000	-3.71471e-11	-3.14664	0
506000	3.61526e-11	-161.752	0
507000	2.74696e-11	-145.69	0
508000	1.37815e-11	-171.856	0
509000	2.32217e-11	-16.8107	0
510000	6.02368e-11	-40.0312	0
511000	-1.89086e-11	-11.805	0
512000	1.12039e-11	-188.769	0
513000	-2.18704e-11	-165.909	0
514000	8.93486e-12	-202.552	0
515000	6.66939e-13	-24.0655	0
516000	3.04548e-11	-48.4655	0
517000	3.02499e-11	-16.0661	0
518000	2.52898e-11	-223.5	0
519000	-1.49067e-11	-204.456	0
520000	2.35943e-11	-198.473	0
521000	-1.29034e-11	33.2988	0
522000	3.20379e-11	-15.7684	0
523000	7.25572e-12	-51.4266	0
524000	3.55541e-12	-253.783	0
525000	-9.39616e-12	-175.81	0
526000	1.83038e-11	-125.057	0
527000	1.07967e-11	80.3724	0
528000	-1.75192e-12	4.31528	0
529000	-1.27579e-11	-85.6437	0
530000	3.51305e-11	-281.182	0
531000	-1.28315e-11	-155.101	0
532000	2.39942e-11	-26.7727	0
533000	-1.92504e-11	106.217	0
534000	1.08852e-11	-56.7542	0
535000	-6.75515e-12	-178.424	0
536000	6.19158e-11	-268.275	0
537000	1.86133e-11	-116.321	0
538000	1.68792e-11	7.10841	0
539000	-1.48951e-12	49.4077	0
540000	-2.17467e-11	-131.521	0
541000	2.57176e-11	-252.952	0
542000	2.5817e-11	-223.817	0
543000	-1.0315e-11	-65.8151	0
544000	-2.34377e-12	7.51454	0
545000	-1.63841e-11	-46.3063	0
546000	2.0655e-11	-149.127	0
547000	9.50691e-12	-229.937	0
548000	2.61664e-11	-168.611	0
549000	3.84954e-11	-57.8627	0
550000	-8.88688e-12	40.2873	0
551000	-8.11404e-12	-67.4674	0
552000	-3.69282e-11	-147.561	0
553000	6.3348e-12	-203.427	0
554000	1.94689e-11	-86.3021	0
555000	4.22663e-12	-57.9604	0
556000	-5.73758e-13	28.0079	0
557000	1.25044e-12	-68.9749	0
558000	1.4567e-11	-107.819	0
559000	3.46964e-11	-223.431	0
560000	2.21949e-11	-90.6897	0
561000	6.27185e-12	-57.3248	0
562000	-1.58362e-12	33.8188	0
563000	-2.03935e-11	-112.837	0
564000	6.26213e-12	-132.263	0
565000	2.41669e-12	-256.712	0
566000	-2.41906e-12	-110.162	0
567000	7.21662e-11	-54.5199	0
568000	1.02976e-12	61.6921	0
569000	3.1898e-11	-159.666	0
570000	1.0935e-11	-215.299	0
571000	6.94614e-11	-263.117	0
572000	-4.84665e-11	-29.9713	0
573000	-2.04318e-12	-16.5457	0
574000	-2.19821e-11	26.5728	0
575000	-3.14539e-12	-186.385	0
576000	-1.12079e-12	-209.404	0
577000	4.77027e-11	-222.861	0
578000	-1.02135e-12	37.8912	0
579000	-6.94997e-14	47.136	0
580000	3.06009e-11	-11.9369	0
581000	3.32372e-11	-246.018	0
582000	2.00421e-11	-189.459	0
583000	2.49712e-11	-113.818	0
584000	4.50433e-12	70.133	0
585000	-1.46177e-11	10.265	0
586000	1.61775e-12	-84.8686	0
587000	1.22919e-11	-265.514	0
588000	2.3722e-11	-184.633	0
589000	1.86882e-11	-52.2388	0
590000	-1.64676e-12	55.9063	0
591000	2.12034e-11	-70.8312	0
592000	-3.45412e-11	-179.772	0
593000	6.15203e-11	-227.43	0
594000	4.61621e-12	-150.062	0
595000	2.75414e-11	-59.6647	0
596000	-3.44991e-11	-7.15496	0
597000	9.1653e-13	-70.3465	0
598000	-9.27418e-12	-197.638	0
599000	-3.49529e-12	-206.64	0
600000	5.99042e-11	-122.766	0
601000	9.4433e-12	-7.31577	0
602000	-1.69757e-11	-36.1996	0
603000	-1.56743e-11	-67.2466	0
604000	1.96575e-11	-171.543	0
605000	2.1311e-11	-151.987	0
606000	4.00077e-11	-129.1	0
607000	2.85432e-12	24.5407	0
608000	-2.50865e-11	-15.1568	0
609000	-2.80099e-11	-54.7249	0
610000	3.55611e-11	-206.567	0
611000	2.24407e-11	-141.107	0
612000	1.12793e-11	-127.553	0
613000	-8.34998e-12	34.2267	0
614000	-1.37813e-11	-29.4657	0
615000	-4.12204e-11	-72.4712	0
616000	-4.02816e-12	-279.102	0
617000	6.60665e-11	-173.574	0
618000	4.02715e-11	-94.3343	0
619000	-2.01288e-12	74.7834	0
620000	1.42623e-11	-93.1964	0
621000	-4.08464e-11	-157.91	0
622000	5.38497e-12	-293.433	0
623000	-9.29732e-13	-120.119	0
624000	2.48685e-11	-52.9228	0
625000	-3.59291e-11	80.3032	0
626000	-1.16613e-11	-121.084	0
627000	-4.38217e-11	-196.738	0
628000	1.98706e-11	-270.553	0
629000	2.48491e-11	-32.8347	0
630000	6.08749e-11	20.0943	0
631000	-1.74293e-11	52.4451	0
632000	3.12452e-11	-165.306	0
633000	-2.01015e-11	-194.636	0
634000	4.36362e-11	-198.364	0
635000	-2.97831e-13	17.0788	0
636000	-2.29305e-12	33.602	0
637000	-3.13096e-11	-14.3894	0
638000	3.51521e-12	-214.464	0
639000	2.01916e-11	-196.639	0
640000	1.97499e-11	-130.815	0
641000	4.45943e-11	8.11154	0
642000	1.05623e-11	-24.1453	0
643000	-4.35008e-12	-90.9694	0
644000	2.44968e-12	-209.406	0
645000	2.18162e-11	-202.354	0
646000	4.50908e-12	-122.82	0
647000	1.2242e-12	-19.7988	0
648000	-2.3887e-12	-26.8163	0
649000	-2.52843e-12	-127.305	0
650000	2.59356e-11	-197.912	0
651000	5.70472e-13	-192.711	0
652000	4.57461e-11	-79.4976	0
653000	1.39498e-11	-21.9228	0
654000	-1.09972e-11	-4.15659	0
655000	2.05362e-11	-128.272	0
656000	7.81428e-12	-167.901	0
657000	1.62521e-11	-185.21	0
658000	5.04422e-11	-31.0263	0
659000	-8.22186e-12	0.184203	0
660000	-1.40357e-11	19.422	0
661000	1.76176e-11	-158.819	0
662000	-2.78703e-11	-178.633	0
663000	1.50606e-11	-192.713	0
664000	3.32688e-11	10.0687	0
665000	8.59657e-12	8.64286	0
666000	-2.77254e-11	-7.12546	0
667000	-4.23387e-12	-241.683	0
668000	2.93465e-11	-214.314	0
669000	3.93033e-11	-173.011	0
670000	1.93237e-11	55.3564	0
671000	3.14264e-11	-25.8233	0
672000	-6.16175e-11	-87.2855	0
673000	1.54623e-11	-292.977	0
674000	1.61552e-11	-182.715	0
675000	7.88982e-12	-120.245	0
676000	-2.32577e-11	74.5772	0
677000	1.19262e-11	-51.1299	0
678000	-2.41128e-12	-126.649	0
679000	1.81881e-11	-293.719	0
680000	-7.84053e-12	-123.857	0
681000	6.21526e-11	-33.1835	0
682000	2.59233e-11	91.2291	0
683000	-1.15226e-11	-89.7993	0
684000	-1.03614e-11	-155.426	0
685000	4.70164e-12	-240.029	0
686000	-6.57409e-11	-66.7658	0
687000	5.92772e-11	-2.07308	0
688000	5.56867e-12	53.8474	0
689000	-2.80385e-11	-126.017	0
690000	-1.78189e-12	-185.6	0
691000	2.24534e-11	-201.932	0
692000	3.18537e-11	-54.2238	0
693000	4.54826e-12	-23.2102	0
694000	7.49431e-12	-21.3549	0
695000	-5.13535e-12	-140.632	0
696000	-5.52599e-11	-204.284	0
697000	-3.01122e-11	-205.028	0
698000	2.93374e-12	-77.81	0
699000	1.46912e-11	1.07712	0
700000	2.1121e-11	-50.9697	0
701000	8.07368e-12	-164.816	0
702000	-1.69117e-11	-221.455	0
703000	2.5013e-11	-150.352	0
704000	1.76469e-11	-66.635	0
705000	5.56965e-12	23.8136	0
706000	-8.59018e-12	-47.1385	0
707000	-3.55333e-11	-138.411	0
708000	2.15475e-11	-238.44	0
709000	-1.11463e-13	-106.381	0
710000	-4.55338e-12	-16.0441	0
711000	1.00487e-11	62.9369	0
712000	1.08935e-11	-89.3831	0
713000	1.21805e-11	-150.908	0
714000	-5.66397e-13	-242.618	0
715000	-7.61565e-12	-72.6189	0
716000	1.62884e-11	1.79822	0
717000	3.54779e-11	70.6753	0
718000	-3.12739e-11	-170.266	0
719000	9.03058e-12	-221.816	0
720000	-1.07535e-11	-237.315	0
721000	1.00517e-11	-6.07548	0
722000	4.88954e-12	-19.2788	0
723000	-2.69713e-11	-4.63965	0
724000	-1.84409e-11	-220.82	0
725000	6.08249e-12	-216.156	0
726000	3.72312e-11	-222.25	0
727000	1.47266e-12	27.7825	0
728000	3.34805e-11	-0.930196	0
729000	-6.58533e-12	-45.9812	0
730000	-9.82607e-12	-263.309	0
731000	8.97788e-13	-172.837	0
732000	5.04302e-11	-127.351	0
733000	6.09571e-13	55.9013	0
734000	-1.38822e-11	-18.2363	0
735000	-1.41054e-11	-62.4572	0
736000	-1.97451e-11	-245.233	0
737000	3.17195e-12	-148.344	0
738000	2.27146e-11	-64.3415	0
739000	3.82249e-11	69.2968	0
740000	-2.5726e-11	-57.7424	0
741000	3.70702e-11	-117.293	0
742000	5.44234e-12	-212.246	0
743000	3.67796e-11	-137.454	0
744000	-1.37292e-11	-82.1139	0
745000	1.22309e-12	26.6357	0
746000	-2.0404e-11	-56.4849	0
747000	-2.0914e-11	-172.711	0
748000	2.86983e-11	-244.704	0
749000	4.88083e-12	-137.713	0
750000	1.08261e-11	-38.6069	0
751000	1.0935e-11	-17.7615	0
752000	3.7309e-11	-87.3048	0
753000	-6.99359e-12	-188.486	0
754000	-1.85706e-11	-214.015	0
755000	4.16376e-11	-139.962	0
756000	-2.03037e-11	14.0319	0
757000	-8.51055e-12	2.44637	0
758000	-2.05293e-11	-87.7961	0
759000	9.55857e-13	-220.742	0
760000	-1.01189e-11	-158.55	0
761000	2.65919e-12	-94.0826	0
762000	9.11274e-13	51.7659	0
763000	1.76563e-11	-6.60586	0
764000	-2.37846e-11	-83.636	0
765000	2.38348e-11	-260.876	0
766000	-1.21589e-11	-143.821	0
767000	-7.6217e-12	-45.3087	0
768000	-1.27262e-11	83.8512	0
769000	5.44619e-12	-92.7063	0
770000	-3.58825e-11	-152.846	0
771000	1.60156e-11	-263.477	0
772000	2.023e-11	-104.754	0
773000	-1.39595e-11	-59.3552	0
774000	-4.82562e-11	58.5925	0
775000	1.23544e-11	-139.698	0
776000	-5.99433e-12	-200.567	0
777000	2.58251e-11	-275.711	0
778000	2.13233e-11	-49.1853	0
779000	1.28225e-11	-26.1726	0
780000	-2.48131e-11	23.1799	0
781000	2.31506e-11	-178.362	0
782000	1.02189e-11	-184.474	0
783000	-1.10221e-11	-222.781	0
784000	2.24807e-11	-2.43283	0
785000	-8.48109e-12	9.33611	0
786000	-1.32899e-11	6.6235	0
787000	1.22688e-12	-202.038	0
788000	1.40479e-12	-166.634	0
789000	3.55329e-11	-142.151	0
790000	2.02895e-12	21.1293	0
791000	1.99267e-11	-12.6204	0
792000	1.91453e-12	-30.6692	0
793000	-1.43242e-11	-194.697	0
794000	3.12649e-11	-186.137	0
795000	-9.86649e-12	-135.585	0
796000	3.71123e-11	18.4141	0
797000	-4.79821e-11	-18.8081	0
798000	7.81004e-12	-105.378	0
799000	-7.25586e-12	-224.558	0
800000	1.00489e-12	-193.37	0
