0.0575	0.0025	0	
0	-0	-0	0
1000	-7.80388e-14	-1286.53	0
2000	-1.47229e-13	-2713.05	0
3000	-3.14859e-13	-3706.39	0
4000	-8.08132e-13	-2211.66	0
5000	4.38189e-13	-869.515	0
6000	2.26847e-13	-162.98	0
7000	-2.61558e-13	-1812.91	0
8000	-6.24517e-13	-3101.39	0
9000	-8.0993e-14	-3529.76	0
10000	-1.43586e-12	-1759.84	0
11000	-6.27589e-13	-597.444	0
12000	-1.93566e-13	-499.625	0
13000	-2.34793e-12	-2312.03	0
14000	-3.31142e-13	-3322.23	0
15000	-1.63837e-12	-3157.12	0
16000	-3.73481e-13	-1361.44	0
17000	-2.27271e-12	-457.649	0
18000	-1.70043e-13	-866.627	0
19000	-1.97557e-12	-2637.79	0
20000	-4.0856e-13	-3397.62	0
21000	-5.1694e-13	-2706.69	0
22000	-5.26257e-14	-1001.54	0
23000	-3.41325e-12	-381.41	0
24000	-3.59e-12	-1272.92	0
25000	-1.32943e-12	-2867.33	0
26000	1.40479e-12	-3381.34	0
27000	-5.17082e-14	-2275.28	0
28000	-2.50765e-12	-752.149	0
29000	-2.3524e-12	-373.145	0
30000	-3.64899e-12	-1730.24	0
31000	-2.60603e-12	-3141.75	0
32000	7.43006e-13	-3354.55	0
33000	1.81542e-12	-1810.23	0
34000	-9.08578e-13	-568.277	0
35000	-1.22008e-12	-527.636	0
36000	-3.60009e-12	-2265.49	0
37000	-2.20757e-12	-3365.5	0
38000	6.99327e-13	-3212.74	0
39000	1.01323e-12	-1299.34	0
40000	-2.23961e-12	-419.138	0
41000	-2.37164e-12	-809.122	0
42000	-9.46662e-13	-2817.15	0
43000	4.05332e-12	-3430.43	0
44000	-1.72777e-12	-2825.61	0
45000	-2.45819e-12	-763.8	0
46000	3.29396e-12	-395.414	0
47000	2.35821e-12	-1201.67	0
48000	-2.74275e-12	-3256.23	0
49000	-1.07682e-12	-3313.17	0
50000	-7.49201e-13	-2287.45	0
51000	-4.82352e-12	-323.251	0
52000	-8.56916e-12	-573.357	0
53000	-5.28293e-12	-1734.14	0
54000	-2.91425e-12	-3538.46	0
55000	-3.81404e-13	-3030.58	0
56000	5.42102e-12	-1773.41	0
57000	-1.85738e-12	-160.358	0
58000	-6.01001e-12	-921.599	0
59000	-4.69842e-12	-2271.52	0
60000	-5.31601e-12	-3662.65	0
61000	-3.97416e-12	-2699.67	0
62000	2.31873e-12	-1334.75	0
63000	1.6246e-12	-208.41	0
64000	-1.17968e-11	-1326.8	0
65000	-6.50526e-12	-2704.8	0
66000	-6.69954e-12	-3590.75	0
67000	3.10764e-12	-2347.48	0
68000	-1.78629e-12	-956.397	0
69000	2.2274e-12	-327.017	0
70000	-6.79657e-12	-1664.6	0
71000	-3.50963e-12	-3026.18	0
72000	-4.73526e-12	-3374.94	0
73000	-1.17156e-13	-1962.81	0
74000	-7.20631e-12	-615.584	0
75000	-6.96728e-12	-510.709	0
76000	-4.27607e-12	-1967.14	0
77000	-2.47864e-12	-3287.91	0
78000	2.2302e-13	-3113.44	0
79000	-6.51307e-12	-1596	0
80000	-7.36095e-12	-330.665	0
81000	-1.42168e-12	-810.292	0
82000	-8.95782e-12	-2364.54	0
83000	-2.68094e-12	-3541.87	0
84000	-4.89549e-12	-2774.99	0
85000	-9.50566e-13	-1232.9	0
86000	9.78416e-13	-193.553	0
87000	-5.18788e-12	-1267	0
88000	-8.64005e-12	-2797.61	0
89000	-6.0083e-12	-3675.07	0
90000	1.63386e-12	-2315.5	0
91000	-1.03333e-12	-861.349	0
92000	-3.68323e-12	-207.975	0
93000	-1.63416e-11	-1816.19	0
94000	-1.08895e-11	-3139.06	0
95000	-8.68536e-12	-3547.88	0
96000	5.57745e-12	-1731.86	0
97000	1.45639e-11	-553.796	0
98000	-2.82764e-14	-387.205	0
99000	-1.23407e-11	-2348.5	0
100000	-7.67633e-12	-3317.64	0
101000	-3.67814e-12	-3199.14	0
102000	3.05409e-15	-1147.99	0
103000	2.90007e-12	-413.352	0
104000	-5.24269e-12	-770.817	0
105000	3.73374e-12	-2818.65	0
106000	-5.22796e-12	-3328.52	0
107000	4.11632e-12	-2767.66	0
108000	-5.31151e-12	-759.93	0
109000	-9.42443e-12	-473.915	0
110000	1.03851e-12	-1253.66	0
111000	-2.99671e-12	-3191.96	0
112000	2.75792e-14	-3266.02	0
113000	9.22672e-13	-2324.12	0
114000	-1.03095e-11	-534.118	0
115000	-2.27994e-12	-653.809	0
116000	-3.68587e-12	-1742.32	0
117000	-1.06867e-11	-3400.03	0
118000	-3.77232e-12	-3120.5	0
119000	2.47842e-12	-1872.37	0
120000	-1.33077e-12	-372.821	0
121000	-2.55952e-12	-822.936	0
122000	-6.80743e-12	-2193.91	0
123000	-1.23833e-11	-3474.55	0
124000	-7.19668e-12	-2867.1	0
125000	5.31814e-13	-1380.08	0
126000	1.15968e-11	-284.77	0
127000	-1.47282e-13	-1017.09	0
128000	-5.62128e-12	-2624.28	0
129000	-3.89226e-12	-3486.38	0
130000	3.76056e-13	-2571.7	0
131000	9.80083e-14	-875.303	0
132000	5.25463e-13	-310.912	0
133000	1.37302e-12	-1378.98	0
134000	-1.0213e-11	-3104.56	0
135000	-6.48888e-12	-3388.69	0
136000	1.01444e-11	-2210.23	0
137000	2.09458e-12	-483.717	0
138000	-9.28462e-12	-522.125	0
139000	-9.46661e-12	-1850.13	0
140000	-2.29584e-12	-3531.88	0
141000	3.52263e-12	-3146.28	0
142000	2.08232e-12	-1747.4	0
143000	-6.28267e-12	-207.328	0
144000	-6.41752e-12	-904.499	0
145000	1.24632e-12	-2322.98	0
146000	4.72183e-13	-3715.58	0
147000	-9.59372e-12	-2719.45	0
148000	-6.96396e-12	-1268.44	0
149000	-3.35522e-12	-67.8307	0
150000	2.10456e-12	-1346.8	0
151000	-4.30005e-12	-2731.96	0
152000	-7.37541e-13	-3659.48	0
153000	-2.01344e-12	-2166.89	0
154000	2.06188e-12	-881.684	0
155000	5.33521e-12	-173.866	0
156000	-3.51109e-12	-1809.56	0
157000	-1.72265e-11	-3012.24	0
158000	4.03874e-12	-3480.69	0
159000	3.86881e-12	-1707.94	0
160000	3.93984e-13	-637.26	0
161000	3.21124e-12	-451.887	0
162000	-2.64719e-12	-2292.31	0
163000	-1.31453e-12	-3227.66	0
164000	-1.19555e-11	-3202.25	0
165000	2.04879e-12	-1354.43	0
166000	-2.89601e-12	-531.126	0
167000	5.14508e-13	-801.938	0
168000	2.54266e-13	-2684.3	0
169000	-1.82846e-12	-3376.21	0
170000	-9.39924e-12	-2837.34	0
171000	1.06856e-11	-995.917	0
172000	7.17962e-12	-454.719	0
173000	-7.47233e-12	-1204.48	0
174000	-2.73046e-12	-2965.76	0
175000	8.18628e-12	-3381.59	0
176000	1.14305e-11	-2382.42	0
177000	-5.75192e-12	-664.084	0
178000	-1.06425e-11	-399.518	0
179000	1.62747e-12	-1656.52	0
180000	1.33339e-11	-3233.23	0
181000	9.15726e-12	-3288.95	0
182000	3.72892e-12	-1823.29	0
183000	2.21076e-12	-427.093	0
184000	1.0326e-11	-546.747	0
185000	1.82497e-11	-2206.02	0
186000	-6.92455e-12	-3428.14	0
187000	-5.50815e-12	-3109.28	0
188000	6.95402e-13	-1283.72	0
189000	4.7741e-12	-334.096	0
190000	9.25869e-12	-889.308	0
191000	8.78142e-12	-2808.01	0
192000	-7.98467e-12	-3475.84	0
193000	5.02501e-12	-2759.31	0
194000	1.08663e-11	-806.296	0
195000	3.01669e-12	-415.253	0
196000	-1.9015e-12	-1307.76	0
197000	2.7327e-12	-3268.37	0
198000	1.19318e-11	-3334.72	0
199000	-7.85393e-12	-2270.12	0
200000	4.41619e-12	-389.335	0
201000	1.54213e-11	-625.894	0
202000	-3.75258e-12	-1763.43	0
203000	9.78568e-12	-3505.7	0
204000	4.06066e-12	-3003.94	0
205000	9.69288e-12	-1782.4	0
206000	6.33983e-13	-166.605	0
207000	-3.48615e-12	-916.501	0
208000	3.16207e-12	-2199.84	0
209000	7.31517e-12	-3621.17	0
210000	1.38746e-11	-2647	0
211000	5.72064e-12	-1359.77	0
212000	-9.07044e-12	-156.349	0
213000	-8.66792e-12	-1305.48	0
214000	2.2766e-11	-2616.65	0
215000	3.53e-12	-3628.67	0
216000	-3.56935e-12	-2327.73	0
217000	-8.79733e-12	-1014.35	0
218000	-2.6103e-12	-264.063	0
219000	6.15242e-12	-1712.97	0
220000	2.54355e-11	-3001.39	0
221000	1.16375e-12	-3493.1	0
222000	7.89908e-12	-1954.89	0
223000	-3.65985e-12	-692.686	0
224000	5.50923e-12	-449.913	0
225000	2.70435e-12	-2067.19	0
226000	1.75893e-12	-3287.63	0
227000	1.02787e-11	-3221.16	0
228000	-1.1304e-12	-1518.95	0
229000	-1.37003e-11	-372.05	0
230000	-8.77051e-12	-741.496	0
231000	6.53942e-12	-2450.92	0
232000	2.94364e-11	-3476.87	0
233000	1.29663e-11	-2802.29	0
234000	1.11392e-11	-1102.23	0
235000	-1.26181e-11	-211.557	0
236000	-9.43299e-12	-1195.97	0
237000	-1.69003e-11	-2854.67	0
238000	1.24859e-11	-3572.13	0
239000	1.59031e-11	-2308.71	0
240000	1.22516e-11	-771.951	0
241000	-1.17473e-11	-271.889	0
242000	-1.63256e-11	-1786.44	0
243000	1.37355e-11	-3187.11	0
244000	2.41918e-11	-3488.9	0
245000	1.17923e-11	-1774.61	0
246000	-6.21243e-12	-554.519	0
247000	-1.1874e-11	-483.579	0
248000	-2.49174e-12	-2359.43	0
249000	2.63614e-11	-3354.36	0
250000	5.03934e-12	-3188.41	0
251000	-3.4738e-12	-1214.33	0
252000	5.31278e-12	-452.656	0
253000	1.03487e-11	-806.503	0
254000	5.50485e-12	-2803.28	0
255000	-1.366e-13	-3322.18	0
256000	1.11987e-11	-2771.33	0
257000	1.09575e-11	-762.126	0
258000	1.68105e-12	-470.066	0
259000	-4.76015e-14	-1199.28	0
260000	-6.51356e-12	-3157.5	0
261000	-7.58155e-12	-3215.24	0
262000	3.08547e-11	-2335.08	0
263000	2.20457e-11	-476.799	0
264000	1.19133e-12	-634.343	0
265000	-6.84007e-13	-1664.82	0
266000	-1.32186e-11	-3427.13	0
267000	4.0545e-13	-3083.24	0
268000	1.73503e-11	-1917.58	0
269000	1.53085e-11	-316.302	0
270000	9.52824e-12	-871.61	0
271000	-9.47789e-12	-2162.63	0
272000	6.07324e-12	-3578.04	0
273000	1.83997e-11	-2853.98	0
274000	1.27368e-11	-1460.39	0
275000	1.19112e-11	-236.337	0
276000	-1.60281e-11	-1118.88	0
277000	-2.80073e-13	-2615.71	0
278000	1.04976e-11	-3590.24	0
279000	1.0905e-11	-2510.6	0
280000	-3.79953e-12	-935.189	0
281000	6.70221e-12	-245.375	0
282000	-3.82347e-13	-1458.82	0
283000	6.3762e-12	-3040.11	0
284000	1.51449e-11	-3429.01	0
285000	6.4535e-12	-2093.13	0
286000	-1.01993e-11	-506.401	0
287000	-1.08205e-11	-439.318	0
288000	1.57683e-12	-1896.65	0
289000	9.64786e-12	-3431.51	0
290000	-1.70957e-11	-3154.4	0
291000	2.51465e-11	-1654.11	0
292000	6.69422e-12	-251.985	0
293000	7.66178e-13	-855.04	0
294000	-4.77657e-12	-2374.44	0
295000	2.56282e-12	-3662.72	0
296000	2.07774e-11	-2763.29	0
297000	1.39842e-11	-1250.98	0
298000	9.10062e-12	-149.925	0
299000	-7.85129e-12	-1353.23	0
300000	-8.41823e-12	-2787.39	0
301000	6.13343e-13	-3657.25	0
302000	2.70558e-11	-2227.93	0
303000	8.52816e-12	-904.039	0
304000	2.05747e-11	-218.163	0
305000	-1.28964e-12	-1812.74	0
306000	6.89999e-12	-3025.19	0
307000	6.25351e-12	-3480.07	0
308000	9.84824e-12	-1705.84	0
309000	-1.01702e-12	-631.537	0
310000	1.12054e-13	-416.381	0
311000	-8.06025e-12	-2271.04	0
312000	-1.75595e-12	-3179.62	0
313000	2.24132e-11	-3195.21	0
314000	3.70056e-11	-1292.98	0
315000	1.66429e-11	-517.59	0
316000	-1.21328e-12	-735.274	0
317000	-2.14253e-11	-2699.91	0
318000	-1.1401e-11	-3323.75	0
319000	3.73106e-12	-2869.36	0
320000	4.54847e-11	-943.085	0
321000	2.97474e-11	-504.564	0
322000	-6.08265e-13	-1168.75	0
323000	-1.71929e-11	-3051.22	0
324000	-2.19604e-14	-3360.58	0
325000	-3.89479e-12	-2468.1	0
326000	3.30308e-11	-628.217	0
327000	3.40231e-11	-497.763	0
328000	-1.11334e-11	-1637.78	0
329000	-1.79098e-11	-3335.51	0
330000	-1.18819e-11	-3244.13	0
331000	1.50259e-11	-1900.1	0
332000	2.49832e-11	-365.642	0
333000	8.57349e-12	-618.842	0
334000	1.41071e-11	-2139.43	0
335000	-1.41233e-11	-3484.16	0
336000	2.21664e-11	-3012.48	0
337000	1.13874e-11	-1310.97	0
338000	8.17087e-12	-235.116	0
339000	-8.81485e-12	-925.561	0
340000	9.32905e-13	-2714.55	0
341000	-1.70735e-12	-3501.07	0
342000	6.44123e-12	-2664.23	0
343000	2.63717e-11	-832.707	0
344000	-3.6741e-12	-342.521	0
345000	1.05242e-11	-1359.02	0
346000	8.44903e-12	-3225.8	0
347000	2.95177e-12	-3384.61	0
348000	1.03514e-11	-2231.96	0
349000	1.63124e-11	-451.823	0
350000	-7.95551e-12	-626.548	0
351000	-2.47733e-11	-1836.95	0
352000	-3.13115e-11	-3511.34	0
353000	1.68862e-11	-3061.66	0
354000	1.97556e-11	-1788.28	0
355000	7.68004e-12	-214.102	0
356000	2.38627e-11	-934.328	0
357000	-1.82359e-11	-2234.81	0
358000	-1.01706e-11	-3619.02	0
359000	1.52968e-11	-2639.75	0
360000	-5.77485e-12	-1352.46	0
361000	9.89986e-12	-140.601	0
362000	-1.05789e-11	-1295.06	0
363000	1.16873e-11	-2570.98	0
364000	6.03791e-12	-3608.97	0
365000	6.18418e-12	-2266.19	0
366000	-2.84696e-12	-1004.96	0
367000	2.03661e-11	-206.877	0
368000	1.63916e-12	-1717.96	0
369000	1.18505e-11	-2933.68	0
370000	-2.58909e-11	-3513.05	0
371000	1.02539e-11	-1910.3	0
372000	8.10591e-12	-743.889	0
373000	-4.24753e-12	-403.658	0
374000	-1.99757e-12	-2131.16	0
375000	8.74997e-12	-3261.78	0
376000	1.34047e-11	-3313.97	0
377000	1.27289e-11	-1494.63	0
378000	-3.19344e-12	-465.4	0
379000	-2.40964e-11	-709.483	0
380000	-8.83409e-12	-2546.58	0
381000	-8.41766e-12	-3449.43	0
382000	8.90934e-12	-2901.74	0
383000	1.20128e-11	-1045.68	0
384000	7.81825e-12	-270.72	0
385000	2.43088e-11	-1125.27	0
386000	-1.36493e-11	-2927.69	0
387000	-1.97147e-13	-3497.41	0
388000	3.56511e-11	-2344	0
389000	1.98253e-11	-661.079	0
390000	-1.47598e-11	-295.642	0
391000	1.77969e-12	-1695.1	0
392000	-1.19132e-11	-3231.29	0
393000	8.42699e-12	-3398.71	0
394000	6.46047e-12	-1784.8	0
395000	-5.89264e-12	-457.408	0
396000	-1.7735e-11	-533.612	0
397000	3.99448e-12	-2324.67	0
398000	3.05726e-11	-3408.08	0
399000	2.93248e-11	-3133.48	0
400000	-1.18312e-11	-1261.35	0
401000	3.72668e-12	-443.703	0
402000	-7.99699e-12	-891.364	0
403000	-2.59555e-12	-2815.88	0
404000	3.03747e-11	-3377.87	0
405000	-1.38177e-11	-2760.54	0
406000	-3.6718e-12	-813.687	0
407000	-2.95948e-12	-502.498	0
408000	4.02926e-11	-1251.01	0
409000	6.25788e-12	-3150.07	0
410000	2.85575e-11	-3206.95	0
411000	-4.44905e-13	-2330.82	0
412000	-1.78768e-11	-479.57	0
413000	-3.87936e-12	-633.192	0
414000	3.74553e-11	-1622.56	0
415000	3.73919e-12	-3394.25	0
416000	5.94684e-12	-3022.19	0
417000	8.24417e-12	-1917.72	0
418000	1.91795e-11	-272.137	0
419000	-3.31484e-11	-862.501	0
420000	-1.60909e-11	-2077.47	0
421000	-7.28374e-12	-3588.75	0
422000	8.80108e-13	-2819.42	0
423000	2.21252e-11	-1512.32	0
424000	2.31867e-11	-181.525	0
425000	-1.62154e-11	-1161.39	0
426000	-2.58832e-11	-2579.74	0
427000	-1.8629e-11	-3687.01	0
428000	2.29507e-11	-2501.6	0
429000	-2.37436e-12	-1025.3	0
430000	6.44293e-12	-196.92	0
431000	-1.35189e-11	-1545.53	0
432000	-4.01693e-12	-3029.15	0
433000	1.36246e-12	-3547.76	0
434000	1.44382e-11	-2041.79	0
435000	8.14911e-12	-557.898	0
436000	-4.53435e-12	-365.561	0
437000	1.19511e-11	-1980.63	0
438000	3.69039e-12	-3377.21	0
439000	1.22222e-11	-3202.09	0
440000	8.74314e-12	-1534.39	0
441000	-2.51067e-11	-263.856	0
442000	-4.62372e-12	-767.828	0
443000	-8.05901e-12	-2436.45	0
444000	2.15925e-12	-3574.34	0
445000	-5.77224e-12	-2759.97	0
446000	-1.80639e-12	-1136.42	0
447000	2.27178e-12	-198.314	0
448000	-1.81841e-11	-1321.19	0
449000	1.38415e-12	-2844.54	0
450000	8.06856e-12	-3588	0
451000	5.94503e-12	-2258.31	0
452000	-5.00569e-12	-884.85	0
453000	1.56561e-11	-315.2	0
454000	-2.75864e-11	-1829.39	0
455000	1.20156e-11	-3074.53	0
456000	4.52853e-11	-3454.17	0
457000	4.01927e-11	-1763.46	0
458000	-1.2137e-11	-674.696	0
459000	8.69579e-12	-481.904	0
460000	-1.27844e-11	-2261.22	0
461000	1.39285e-11	-3171.21	0
462000	8.29408e-12	-3190.81	0
463000	3.10159e-11	-1314.51	0
464000	-2.22156e-11	-528.822	0
465000	-8.70643e-13	-696.453	0
466000	-1.15104e-11	-2653.97	0
467000	1.9809e-11	-3266.63	0
468000	4.54004e-12	-2879.41	0
469000	2.04206e-11	-909.244	0
470000	-8.78572e-12	-483.942	0
471000	1.07548e-11	-1072.18	0
472000	1.42897e-11	-3052.08	0
473000	6.85912e-12	-3332.16	0
474000	-2.63956e-12	-2521.5	0
475000	2.00443e-12	-567.241	0
476000	-1.57535e-11	-517.743	0
477000	-5.21548e-12	-1591.75	0
478000	3.79807e-11	-3436.8	0
479000	2.10421e-11	-3246.91	0
480000	7.18667e-12	-1983.14	0
481000	-8.63231e-12	-303.558	0
482000	1.4523e-11	-698.501	0
483000	-4.18982e-13	-2140.33	0
484000	2.00488e-12	-3618.36	0
485000	6.00291e-11	-2968.8	0
486000	2.01011e-11	-1355.72	0
487000	-2.4642e-13	-156.324	0
488000	-1.53366e-11	-1020.46	0
489000	-2.29713e-12	-2681.83	0
490000	-1.11579e-11	-3559.7	0
491000	2.90319e-11	-2537.22	0
492000	1.38079e-11	-837.148	0
493000	-3.50385e-11	-259.144	0
494000	-4.41091e-11	-1434.5	0
495000	-5.57385e-12	-3141.66	0
496000	3.09407e-11	-3374.28	0
497000	2.25863e-11	-2100.96	0
498000	3.43617e-11	-495.062	0
499000	-8.27444e-12	-596.538	0
500000	-2.20607e-11	-1897.87	0
501000	-2.16656e-11	-3428.56	0
502000	2.74737e-11	-3078.5	0
503000	6.47809e-12	-1759.81	0
504000	2.94886e-13	-316.617	0
505000	7.75116e-13	-949.698	0
506000	4.42304e-12	-2281.61	0
507000	1.2022e-11	-3582.79	0
508000	5.64062e-12	-2700.33	0
509000	8.80093e-13	-1401.24	0
510000	1.63874e-11	-218.134	0
511000	1.79385e-12	-1282.52	0
512000	7.59961e-12	-2563.96	0
513000	-1.25032e-11	-3608.34	0
514000	4.90518e-12	-2306.16	0
515000	-2.30073e-11	-1023.08	0
516000	-2.52842e-11	-170.85	0
517000	-6.76561e-12	-1664.97	0
518000	3.46371e-11	-2883.51	0
519000	-2.57708e-11	-3531.22	0
520000	3.88418e-11	-1887.44	0
521000	1.63689e-11	-713.906	0
522000	-5.501e-13	-295.478	0
523000	-2.98907e-11	-2122.62	0
524000	-2.63404e-12	-3242.42	0
525000	1.6256e-11	-3368.86	0
526000	7.53462e-12	-1425.92	0
527000	7.98651e-12	-464.271	0
528000	-7.50986e-13	-654.191	0
529000	-1.83888e-11	-2647.73	0
530000	-4.95786e-12	-3461.67	0
531000	1.4723e-11	-2981.53	0
532000	1.88451e-11	-971.895	0
533000	-2.03362e-12	-338.26	0
534000	-5.64714e-12	-1133.43	0
535000	-2.12637e-11	-3076.19	0
536000	2.13117e-11	-3462.22	0
537000	2.43089e-11	-2384.7	0
538000	9.06412e-12	-580.124	0
539000	2.2755e-11	-396.926	0
540000	-1.34742e-11	-1676.53	0
541000	-2.3887e-11	-3302.35	0
542000	1.36861e-11	-3274.04	0
543000	1.05409e-11	-1785.45	0
544000	2.87221e-11	-373.888	0
545000	-1.17979e-11	-618.598	0
546000	-9.82845e-12	-2244.84	0
547000	6.1373e-12	-3394.25	0
548000	9.49224e-12	-2993.4	0
549000	2.62593e-11	-1302.72	0
550000	2.33898e-11	-409.477	0
551000	-3.81837e-11	-949.292	0
552000	-1.27821e-11	-2723.59	0
553000	4.1022e-13	-3388.34	0
554000	2.04199e-11	-2722.89	0
555000	3.32491e-11	-917.161	0
556000	2.75827e-11	-513.612	0
557000	-8.38668e-12	-1292.92	0
558000	-1.87415e-11	-3103.59	0
559000	1.68381e-11	-3273.86	0
560000	5.28709e-11	-2385.48	0
561000	-4.48353e-12	-563.39	0
562000	-3.35134e-11	-615.217	0
563000	-1.33674e-12	-1619.92	0
564000	-2.49015e-11	-3397.87	0
565000	2.29236e-11	-3077.73	0
566000	9.35241e-12	-1944.06	0
567000	2.2455e-11	-242.55	0
568000	-5.03749e-12	-801.649	0
569000	4.03102e-11	-2032.21	0
570000	-6.25609e-12	-3616.36	0
571000	-6.92697e-12	-2809.47	0
572000	-1.81984e-11	-1474.85	0
573000	3.96478e-11	-66.1751	0
574000	1.01591e-11	-1144.48	0
575000	2.88149e-12	-2563.38	0
576000	-2.03828e-11	-3740.29	0
577000	-1.0655e-11	-2432.52	0
578000	-4.90784e-12	-1009.48	0
579000	5.82871e-11	-129.127	0
580000	-1.04242e-11	-1639.74	0
581000	-1.03219e-11	-3047.92	0
582000	-1.10364e-11	-3624.44	0
583000	8.03095e-12	-1960.47	0
584000	2.4565e-11	-617.487	0
585000	2.90781e-11	-376.397	0
586000	-1.53245e-12	-2132.18	0
587000	-8.5075e-12	-3348.68	0
588000	-1.42467e-11	-3247.14	0
589000	3.72527e-11	-1455.73	0
590000	1.72794e-11	-366.703	0
591000	-1.03821e-11	-758.664	0
592000	-2.06322e-11	-2518.37	0
593000	-1.05652e-12	-3453.67	0
594000	2.6761e-12	-2762.49	0
595000	2.33767e-11	-1057.95	0
596000	1.55536e-11	-288.971	0
597000	-8.42856e-12	-1240.06	0
598000	-1.94332e-11	-2830.68	0
599000	2.08113e-11	-3446.45	0
600000	4.50556e-11	-2297.99	0
601000	8.50274e-12	-843.813	0
602000	-1.96436e-11	-371.072	0
603000	-4.7898e-11	-1728.71	0
604000	-1.17373e-11	-3077.51	0
605000	2.68386e-11	-3408.54	0
606000	3.72816e-11	-1868.46	0
607000	4.67745e-11	-678.246	0
608000	1.06557e-11	-517.616	0
609000	1.77228e-11	-2207.94	0
610000	-8.44211e-12	-3242.9	0
611000	2.87343e-11	-3244.26	0
612000	1.60547e-11	-1403.47	0
613000	-3.29725e-12	-510.979	0
614000	2.3081e-11	-698.971	0
615000	-2.15011e-11	-2657.15	0
616000	-1.35247e-11	-3335	0
617000	2.45406e-11	-2913.68	0
618000	4.49209e-11	-887.378	0
619000	-2.17043e-11	-420.525	0
620000	3.00966e-11	-1035.36	0
621000	-9.12792e-12	-3083.38	0
622000	6.77796e-12	-3329.33	0
623000	-6.45277e-13	-2482.35	0
624000	4.39163e-11	-454.155	0
625000	-1.41962e-11	-492.45	0
626000	-1.65628e-11	-1573.41	0
627000	-1.6607e-12	-3486.75	0
628000	1.99845e-11	-3178.62	0
629000	6.97201e-13	-1955.56	0
630000	3.64522e-11	-228.045	0
631000	4.17715e-11	-784.522	0
632000	-1.57114e-11	-2157.34	0
633000	-1.34943e-11	-3688.71	0
634000	-3.58019e-12	-2886.68	0
635000	-1.03628e-11	-1410.25	0
636000	2.41555e-11	-163.898	0
637000	-9.77661e-12	-1170.01	0
638000	1.30002e-12	-2660.71	0
639000	-2.29511e-12	-3609.74	0
640000	3.64068e-11	-2461.51	0
641000	-7.16968e-13	-942.173	0
642000	-9.75594e-12	-256.415	0
643000	8.32965e-12	-1523.23	0
644000	3.31511e-11	-3029.11	0
645000	-2.67983e-11	-3385.13	0
646000	6.56192e-12	-2025.7	0
647000	1.34326e-11	-585.716	0
648000	1.90179e-11	-516.564	0
649000	-4.50601e-12	-1890.11	0
650000	2.33635e-11	-3287.62	0
651000	1.85604e-11	-3115.72	0
652000	-5.70217e-12	-1711.47	0
653000	-1.76915e-11	-368.465	0
654000	5.61541e-12	-842.006	0
655000	-2.94753e-11	-2283.21	0
656000	-1.80495e-12	-3530.76	0
657000	4.11211e-11	-2799.28	0
658000	1.41634e-11	-1392.99	0
659000	-3.40164e-11	-252.204	0
660000	-1.55403e-11	-1225.89	0
661000	-2.08287e-11	-2637.04	0
662000	3.49807e-12	-3656.83	0
663000	4.75182e-11	-2398.1	0
664000	1.77333e-11	-1003.82	0
665000	-3.72009e-11	-180.193	0
666000	-4.32228e-11	-1670.69	0
667000	-1.85887e-12	-2961.3	0
668000	2.76077e-11	-3567.57	0
669000	3.90864e-11	-1875.5	0
670000	1.85252e-11	-654.25	0
671000	-5.3563e-12	-266.563	0
672000	-1.43325e-11	-2153.33	0
673000	1.43925e-11	-3247.5	0
674000	3.28635e-12	-3331.72	0
675000	1.15176e-11	-1317.45	0
676000	-8.41242e-12	-432.273	0
677000	-2.76112e-11	-633.447	0
678000	5.46709e-12	-2690.68	0
679000	3.06188e-11	-3395.25	0
680000	3.7567e-11	-2949.71	0
681000	1.9014e-11	-891.165	0
682000	-7.25283e-12	-408.514	0
683000	-1.19088e-11	-1143.57	0
684000	-2.76993e-11	-3143.72	0
685000	2.88558e-11	-3384.06	0
686000	1.88908e-11	-2433.89	0
687000	1.01428e-11	-581.017	0
688000	1.98222e-11	-538.362	0
689000	-1.59131e-11	-1659.12	0
690000	-2.52342e-11	-3361.83	0
691000	1.68651e-11	-3208.29	0
692000	3.99421e-11	-1889.22	0
693000	4.86241e-11	-368.453	0
694000	-1.63104e-11	-712.524	0
695000	8.02582e-12	-2146.75	0
696000	-2.42401e-11	-3417.34	0
697000	1.20216e-11	-2921.65	0
698000	1.88819e-11	-1391.56	0
699000	4.84583e-11	-327.832	0
700000	1.25222e-11	-947.832	0
701000	1.51453e-11	-2590.22	0
702000	-2.97345e-13	-3427.73	0
703000	-9.30272e-12	-2663.86	0
704000	1.17363e-11	-961.474	0
705000	6.96348e-12	-402.307	0
706000	-1.11929e-11	-1295.92	0
707000	-1.50044e-11	-3043.76	0
708000	1.21776e-11	-3365.94	0
709000	2.60146e-11	-2366.41	0
710000	-1.01993e-11	-594.377	0
711000	5.61315e-12	-553.94	0
712000	3.53513e-11	-1694.36	0
713000	8.40415e-12	-3438.8	0
714000	3.22419e-11	-3169.12	0
715000	2.43472e-11	-1925.89	0
716000	-1.98407e-11	-262.075	0
717000	-4.32611e-11	-805.238	0
718000	2.20872e-11	-2112.29	0
719000	2.51041e-11	-3655.77	0
720000	3.58692e-11	-2813.09	0
721000	3.03989e-11	-1421.35	0
722000	2.23971e-11	-44.0851	0
723000	-6.11282e-11	-1171.19	0
724000	-4.37634e-11	-2572.45	0
725000	1.1774e-11	-3708.05	0
726000	3.15324e-11	-2339.06	0
727000	1.69526e-11	-974.944	0
728000	-1.22289e-11	-98.3855	0
729000	-4.50858e-11	-1669.49	0
730000	-9.29557e-12	-2987.97	0
731000	3.27278e-11	-3595.78	0
732000	4.69629e-11	-1877.51	0
733000	1.08273e-11	-670.168	0
734000	-1.12987e-11	-373.998	0
735000	-5.203e-11	-2191.6	0
736000	-1.30232e-11	-3278.25	0
737000	-4.14816e-12	-3298.93	0
738000	8.5189e-11	-1448.85	0
739000	8.99384e-12	-490.614	0
740000	5.09939e-12	-741.263	0
741000	-3.07095e-11	-2590.11	0
742000	-1.43501e-12	-3399.65	0
743000	3.46431e-11	-2864.53	0
744000	8.12148e-11	-1049.72	0
745000	6.0041e-12	-385.022	0
746000	-4.85184e-11	-1153.59	0
747000	-1.44074e-11	-2868.65	0
748000	-1.80801e-11	-3382.29	0
749000	2.24158e-11	-2383.18	0
750000	6.06946e-11	-759.454	0
751000	4.92759e-12	-380.026	0
752000	1.51016e-12	-1604.98	0
753000	-2.31646e-11	-3115.41	0
754000	2.47479e-11	-3339.01	0
755000	3.32116e-11	-1910.34	0
756000	7.88547e-12	-565.945	0
757000	-1.07316e-11	-520.802	0
758000	4.15519e-12	-2139.59	0
759000	-1.59823e-11	-3325.51	0
760000	4.3506e-11	-3212.14	0
761000	1.71517e-11	-1435.62	0
762000	1.37687e-11	-450.829	0
763000	8.59746e-12	-769.881	0
764000	-6.48668e-12	-2680.65	0
765000	6.32301e-12	-3424.55	0
766000	2.129e-11	-2902.34	0
767000	2.93755e-11	-919.307	0
768000	-5.50742e-12	-420.088	0
769000	-1.17873e-11	-1113.71	0
770000	-1.60667e-12	-3120.08	0
771000	5.71323e-12	-3347.52	0
772000	2.3377e-11	-2443.13	0
773000	4.99763e-11	-444.563	0
774000	-9.62217e-12	-509.215	0
775000	-2.68343e-11	-1579.79	0
776000	8.79458e-12	-3462.59	0
777000	1.50729e-11	-3106.65	0
778000	2.27902e-11	-1920.9	0
779000	1.52762e-11	-188.222	0
780000	-1.74031e-11	-800.138	0
781000	-7.68844e-12	-2100.57	0
782000	2.88307e-11	-3664.32	0
783000	3.87334e-11	-2808.58	0
784000	3.29224e-11	-1447.05	0
785000	1.03454e-13	-143.464	0
786000	-8.98667e-12	-1219.36	0
787000	1.31046e-11	-2601.55	0
788000	8.59503e-12	-3663.57	0
789000	2.53386e-11	-2443.69	0
790000	1.53578e-11	-1048.59	0
791000	-2.9066e-11	-239.403	0
792000	8.072e-12	-1604.13	0
793000	2.66544e-12	-2986.04	0
794000	1.34013e-11	-3486.04	0
795000	3.63266e-11	-2011.7	0
796000	1.61757e-11	-681.215	0
797000	7.36663e-12	-446.075	0
798000	-1.39685e-11	-1945.72	0
799000	-2.7864e-11	-3226.29	0
800000	1.45694e-11	-3193.54	0
