0.211325	0.211325	0	
0	-0	-50000	0
1000	-8.85389e-12	-45912.3	0
2000	-2.25272e-11	-34771.4	0
3000	-5.50609e-12	-19676	0
4000	-3.06201e-11	-4878.6	0
5000	1.11467e-11	5373.01	0
6000	-7.92861e-11	8103.35	0
7000	4.7949e-11	2558.12	0
8000	-4.1911e-11	-9560.79	0
9000	-3.00853e-12	-24678.8	0
10000	-6.52037e-11	-38486.5	0
11000	3.0823e-11	-47184.4	0
12000	-3.34251e-11	-48464	0
13000	1.84082e-11	-42040.7	0
14000	-8.02232e-11	-29698.3	0
15000	5.97041e-11	-14850.7	0
16000	-3.67856e-11	-1668.97	0
17000	3.68643e-12	6080.4	0
18000	-3.95305e-11	6175.22	0
19000	4.16354e-11	-1356.01	0
20000	-7.54466e-11	-14260.8	0
21000	2.7327e-11	-28807.6	0
22000	-2.30836e-11	-40928.9	0
23000	-2.902e-11	-47348.6	0
24000	-1.10818e-10	-46396.6	0
25000	5.09191e-11	-38382.2	0
26000	-2.95016e-11	-25503.2	0
27000	-1.06699e-10	-11306.4	0
28000	-2.67685e-11	234.124	0
29000	6.02813e-12	5841.29	0
30000	-1.31964e-10	3932.83	0
31000	-1.19303e-10	-4881.7	0
32000	4.96532e-11	-18015.9	0
33000	-4.96236e-11	-31736.5	0
34000	-1.48009e-10	-42268.9	0
35000	-1.99628e-11	-46809.4	0
36000	-5.02178e-11	-44201.9	0
37000	-1.01643e-10	-35189.1	0
38000	-1.21865e-10	-22222.6	0
39000	-3.21751e-11	-8858.68	0
40000	-1.30306e-10	1178.23	0
41000	-1.15616e-10	5059.07	0
42000	-1.13301e-10	1711.83	0
43000	-3.90041e-11	-7848.43	0
44000	-1.95959e-10	-20860.3	0
45000	-7.41545e-11	-33678.9	0
46000	-7.54333e-11	-42825.9	0
47000	-1.49637e-10	-45897.1	0
48000	-1.33788e-10	-42131.4	0
49000	-5.54171e-11	-32569.5	0
50000	-9.11989e-11	-19796.3	0
51000	-1.33186e-10	-7299.92	0
52000	-1.30911e-10	1454.76	0
53000	-4.0586e-11	4019.97	0
54000	-1.1442e-10	-292.078	0
55000	-1.14404e-10	-10204.1	0
56000	-8.67374e-11	-22890.7	0
57000	-8.00558e-11	-34842	0
58000	-1.38179e-10	-42851.5	0
59000	-1.01898e-10	-44836.6	0
60000	-9.00765e-11	-40324	0
61000	-9.36294e-11	-30542.1	0
62000	-1.41895e-10	-18121.3	0
63000	-3.61805e-11	-6437.9	0
64000	-1.62457e-10	1286.84	0
65000	-3.25042e-11	2910.99	0
66000	-1.20642e-10	-1982.01	0
67000	-1.53107e-11	-11965.2	0
68000	-1.57108e-10	-24224.6	0
69000	-2.99674e-11	-35403.4	0
70000	-1.19204e-10	-42530.3	0
71000	-5.71751e-11	-43768.8	0
72000	-1.38009e-10	-38840.7	0
73000	-1.78763e-11	-29074.9	0
74000	-1.22521e-10	-17084.3	0
75000	-5.32565e-11	-6112.45	0
76000	-1.34631e-10	833.266	0
77000	-3.61091e-11	1842.57	0
78000	-1.85105e-10	-3326.32	0
79000	-6.41938e-11	-13183.6	0
80000	-1.47271e-10	-24976.7	0
81000	-6.5316e-11	-35504	0
82000	-1.80125e-10	-41988.7	0
83000	-7.97678e-11	-42771.6	0
84000	-1.61526e-10	-37692	0
85000	-4.66079e-11	-28110.4	0
86000	-1.82332e-10	-16578.2	0
87000	-7.70819e-11	-6199.05	0
88000	-1.25453e-10	199.067	0
89000	-1.11414e-10	869.8	0
90000	-1.53053e-10	-4333.92	0
91000	-3.62081e-12	-13925.9	0
92000	-1.6326e-10	-25248.7	0
93000	-1.2175e-10	-35249.6	0
94000	-1.3144e-10	-41306.4	0
95000	-4.04664e-11	-41878.2	0
96000	-2.47892e-10	-36857.5	0
97000	-3.60526e-11	-27581.9	0
98000	-1.20224e-10	-16509.8	0
99000	-1.2729e-10	-6605.89	0
100000	-2.63871e-10	-552.392	0
101000	3.70937e-11	9.58782	0
102000	-2.42064e-10	-5037.51	0
103000	-1.46583e-10	-14262.7	0
104000	-1.64941e-10	-25126.3	0
105000	6.263e-12	-34715.8	0
106000	-2.46073e-10	-40528.8	0
107000	-3.71194e-11	-41092	0
108000	-1.51341e-10	-36298.7	0
109000	-1.78497e-11	-27421	0
110000	-2.10589e-10	-16801.1	0
111000	-2.27911e-11	-7267.9	0
112000	-1.75645e-10	-1388.16	0
113000	-1.02387e-11	-746.291	0
114000	-1.86711e-10	-5482.83	0
115000	-3.96164e-11	-14262.2	0
116000	-2.21034e-10	-24679.9	0
117000	1.93524e-11	-33955.3	0
118000	-1.8351e-10	-39676.3	0
119000	-9.08018e-11	-40396.6	0
120000	-1.78565e-10	-35967.8	0
121000	3.12945e-11	-27561.9	0
122000	-2.42105e-10	-17387.4	0
123000	-1.23696e-10	-8140.27	0
124000	-1.28303e-10	-2296.27	0
125000	-3.63942e-11	-1421.78	0
126000	-2.48228e-10	-5721.98	0
127000	-1.69676e-11	-13988.9	0
128000	-6.74602e-11	-23967.8	0
129000	-1.36487e-10	-33003.8	0
130000	-2.18401e-10	-38753	0
131000	7.24673e-11	-39763.8	0
132000	-1.67848e-10	-35812.3	0
133000	-1.44164e-10	-27942.9	0
134000	-1.25739e-10	-18214.6	0
135000	4.97341e-11	-9192.26	0
136000	-2.6547e-10	-3278.12	0
137000	-6.44243e-11	-2049.83	0
138000	-6.79907e-11	-5809.55	0
139000	-8.3949e-11	-13503.2	0
140000	-2.73926e-10	-23039	0
141000	4.7385e-11	-31886	0
142000	-1.09591e-10	-37752.9	0
143000	-1.9221e-10	-39159.1	0
144000	-1.79413e-10	-35778.7	0
145000	1.04961e-10	-28505.6	0
146000	-2.59569e-10	-19236	0
147000	-2.3383e-10	-10401.8	0
148000	-1.80509e-11	-4342.58	0
149000	7.08984e-12	-2667.59	0
150000	-3.80039e-10	-5800.24	0
151000	-2.55976e-11	-12861.8	0
152000	-2.18345e-12	-21936.7	0
153000	-2.3481e-10	-30620.2	0
154000	-3.11832e-10	-36665.1	0
155000	9.56572e-11	-38545.6	0
156000	-1.88281e-10	-35813.8	0
157000	-3.21783e-10	-29195.1	0
158000	-1.53284e-10	-20409.5	0
159000	2.45425e-11	-11751.2	0
160000	-3.9344e-10	-5501.4	0
161000	-2.40875e-10	-3312.96	0
162000	-4.21962e-11	-5747.36	0
163000	-1.45122e-10	-12118.7	0
164000	-4.51572e-10	-20701	0
165000	-3.18992e-11	-29222.2	0
166000	-9.12472e-11	-35477.7	0
167000	-3.69179e-10	-37886.7	0
168000	-2.97973e-10	-35866.5	0
169000	5.70626e-12	-29958.7	0
170000	-3.16183e-10	-21694.9	0
171000	-3.60026e-10	-13223.7	0
172000	-1.14356e-10	-6765.7	0
173000	-9.14515e-11	-4021.88	0
174000	-4.65916e-10	-5701.77	0
175000	-2.04231e-10	-11325.7	0
176000	-1.03607e-10	-19371	0
177000	-2.75698e-10	-27708.6	0
178000	-3.56734e-10	-34180.5	0
179000	-3.66874e-11	-37149.1	0
180000	-2.10955e-10	-35888.5	0
181000	-3.48048e-10	-30746	0
182000	-1.8814e-10	-23052.8	0
183000	-7.27018e-11	-14800.9	0
184000	-3.52291e-10	-8143.28	0
185000	-2.01081e-10	-4826.26	0
186000	-8.73237e-11	-5710.8	0
187000	-2.67242e-10	-10532.8	0
188000	-3.60967e-10	-17986.3	0
189000	-6.5555e-11	-26098.3	0
190000	-1.97676e-10	-32767.6	0
191000	-3.82271e-10	-36303.7	0
192000	-2.47847e-10	-35835.6	0
193000	-8.15487e-11	-31508.5	0
194000	-3.48744e-10	-24442.6	0
195000	-3.75342e-10	-16461.1	0
196000	-1.01404e-10	-9636.69	0
197000	-2.43118e-10	-5752.25	0
198000	-4.39543e-10	-5817.25	0
199000	-1.80987e-10	-9788.07	0
200000	-1.48773e-10	-16587.4	0
201000	-4.09396e-10	-24414.5	0
202000	-2.74611e-10	-31239	0
203000	-9.55572e-11	-35328	0
204000	-2.66364e-10	-35668.3	0
205000	-3.72156e-10	-32200.2	0
206000	-1.21682e-10	-25823.3	0
207000	-2.02061e-10	-18178.3	0
208000	-3.60722e-10	-11241.9	0
209000	-2.37877e-10	-6818.86	0
210000	-7.10688e-11	-6058.23	0
211000	-3.22085e-10	-9136.99	0
212000	-3.24435e-10	-15216.5	0
213000	-9.87935e-11	-22684.8	0
214000	-1.56888e-10	-29601.6	0
215000	-3.85513e-10	-34206.5	0
216000	-2.25463e-10	-35353.4	0
217000	-6.22997e-11	-32778.1	0
218000	-2.70573e-10	-27152.8	0
219000	-3.73867e-10	-19921.8	0
220000	-7.11313e-11	-12947.3	0
221000	-1.34379e-10	-8036.85	0
222000	-3.56895e-10	-6464.04	0
223000	-2.34057e-10	-8621.52	0
224000	-5.8607e-11	-13916.1	0
225000	-3.13288e-10	-20941.8	0
226000	-3.24476e-10	-27869.8	0
227000	-7.37668e-11	-32932.5	0
228000	-1.84394e-10	-34864.8	0
229000	-4.1105e-10	-33203.4	0
230000	-1.77838e-10	-28389.1	0
231000	-1.061e-10	-21656.6	0
232000	-3.5703e-10	-14734	0
233000	-3.69359e-10	-9407.97	0
234000	-4.69404e-11	-7057.06	0
235000	-2.61826e-10	-8278.94	0
236000	-3.92368e-10	-12728.9	0
237000	-1.63955e-10	-19222.3	0
238000	-9.199e-11	-26065.7	0
239000	-4.11237e-10	-31508	0
240000	-2.60129e-10	-34184.3	0
241000	-9.50906e-11	-33442.4	0
242000	-2.53751e-10	-29491	0
243000	-4.1397e-10	-23344.3	0
244000	-9.36283e-11	-16575.3	0
245000	-2.07207e-10	-10924.6	0
246000	-3.70951e-10	-7850.77	0
247000	-2.82799e-10	-8140.49	0
248000	-1.01628e-10	-11695.7	0
249000	-3.8453e-10	-17566.7	0
250000	-3.02942e-10	-24218.4	0
251000	-2.35255e-10	-29944.3	0
252000	-2.31297e-10	-33302.8	0
253000	-4.79113e-10	-33468	0
254000	-2.07665e-10	-30420.2	0
255000	-2.85034e-10	-24944.2	0
256000	-3.40634e-10	-18438.4	0
257000	-4.32294e-10	-12569.9	0
258000	-1.22709e-10	-8848.98	0
259000	-3.58015e-10	-8230.08	0
260000	-3.28151e-10	-10854.6	0
261000	-3.36086e-10	-16016.8	0
262000	-1.79441e-10	-22363.5	0
263000	-4.20977e-10	-28261.6	0
264000	-2.1685e-10	-32220.7	0
265000	-2.48882e-10	-33260.9	0
266000	-2.29099e-10	-31142	0
267000	-4.12679e-10	-26414.7	0
268000	-1.41973e-10	-20284.8	0
269000	-3.08786e-10	-14318.1	0
270000	-2.94447e-10	-10045.5	0
271000	-3.25054e-10	-8562.97	0
272000	-1.47931e-10	-10238.4	0
273000	-3.807e-10	-14614.8	0
274000	-2.64991e-10	-20541.5	0
275000	-3.0193e-10	-26488.7	0
276000	-2.2552e-10	-30948.3	0
277000	-4.02472e-10	-32810.4	0
278000	-2.01433e-10	-31627.7	0
279000	-3.13246e-10	-27715.5	0
280000	-2.98789e-10	-22072.2	0
281000	-3.48816e-10	-16135.6	0
282000	-2.4422e-10	-11424.1	0
283000	-3.97786e-10	-9144.88	0
284000	-2.56759e-10	-9873.54	0
285000	-3.24296e-10	-13401.1	0
286000	-3.15428e-10	-18796.2	0
287000	-4.23031e-10	-24661.9	0
288000	-2.12817e-10	-29505.2	0
289000	-3.54555e-10	-32115.3	0
290000	-3.15661e-10	-31855.4	0
291000	-3.28911e-10	-28809.4	0
292000	-2.24808e-10	-23756.7	0
293000	-4.16269e-10	-17982.4	0
294000	-3.06934e-10	-12959.1	0
295000	-2.91075e-10	-9971.3	0
296000	-2.9026e-10	-9778.35	0
297000	-3.84915e-10	-12412	0
298000	-2.61093e-10	-17172.6	0
299000	-3.16719e-10	-22823.3	0
300000	-2.96332e-10	-27920.6	0
301000	-3.81087e-10	-31184.6	0
302000	-2.28495e-10	-31811.9	0
303000	-3.38656e-10	-29663.8	0
304000	-3.12774e-10	-25294.3	0
305000	-3.23771e-10	-19813.6	0
306000	-2.23105e-10	-14615.9	0
307000	-4.12955e-10	-11027.4	0
308000	-2.67157e-10	-9961.71	0
309000	-2.57605e-10	-11678.1	0
310000	-3.20007e-10	-15714.9	0
311000	-3.84034e-10	-21019.3	0
312000	-1.95947e-10	-26231.5	0
313000	-3.01077e-10	-30037	0
314000	-3.49441e-10	-31493.3	0
315000	-3.03688e-10	-30253.3	0
316000	-2.14228e-10	-26643.4	0
317000	-4.07091e-10	-21581.8	0
318000	-3.15767e-10	-16353.1	0
319000	-2.62425e-10	-12288.2	0
320000	-2.89331e-10	-10422.3	0
321000	-4.3404e-10	-11222	0
322000	-2.57158e-10	-14463.8	0
323000	-2.68619e-10	-19298.3	0
324000	-3.8444e-10	-24481.5	0
325000	-3.87746e-10	-28700.9	0
326000	-1.71626e-10	-30905.7	0
327000	-3.81726e-10	-30560.2	0
328000	-4.08492e-10	-27767.1	0
329000	-2.26432e-10	-23238.8	0
330000	-2.02414e-10	-18123.3	0
331000	-4.44082e-10	-13719.7	0
332000	-2.49421e-10	-11148	0
333000	-1.51663e-10	-11057.4	0
334000	-3.6088e-10	-13455.1	0
335000	-3.8344e-10	-17708.6	0
336000	-1.01434e-10	-22719.2	0
337000	-2.72709e-10	-27213.1	0
338000	-4.58262e-10	-30065.7	0
339000	-2.09755e-10	-30576.6	0
340000	-1.42537e-10	-28634.4	0
341000	-4.63323e-10	-24738.6	0
342000	-3.35764e-10	-19876.2	0
343000	-1.04658e-10	-15279.8	0
344000	-3.15886e-10	-12116.5	0
345000	-4.41085e-10	-11187.4	0
346000	-1.28361e-10	-12716.7	0
347000	-1.97774e-10	-16295.7	0
348000	-4.43189e-10	-20996	0
349000	-2.8103e-10	-25617.8	0
350000	-9.66039e-11	-28999.4	0
351000	-3.45907e-10	-30304.6	0
352000	-4.20284e-10	-29223	0
353000	-1.34794e-10	-26038.8	0
354000	-2.21139e-10	-21560.2	0
355000	-4.66543e-10	-16920.4	0
356000	-2.68093e-10	-13295.6	0
357000	-1.1808e-10	-11604.3	0
358000	-4.16645e-10	-12267.7	0
359000	-3.59486e-10	-15100.3	0
360000	-1.42659e-10	-19363.5	0
361000	-2.38833e-10	-23964.7	0
362000	-4.67274e-10	-27742.2	0
363000	-1.93079e-10	-29756.9	0
364000	-1.85803e-10	-29519.5	0
365000	-3.47829e-10	-27103.6	0
366000	-3.60316e-10	-23124.8	0
367000	-2.53378e-11	-18589.1	0
368000	-3.18363e-10	-14644.4	0
369000	-3.17017e-10	-12289.8	0
370000	-1.8429e-10	-12116.9	0
371000	-1.20452e-10	-14156	0
372000	-4.32008e-10	-17871.3	0
373000	-2.08047e-10	-22306.5	0
374000	-1.75638e-10	-26337.2	0
375000	-2.81384e-10	-28956.3	0
376000	-4.19771e-10	-29521	0
377000	-4.47438e-11	-27904.8	0
378000	-2.41186e-10	-24523.4	0
379000	-3.73097e-10	-20232.1	0
380000	-2.79903e-10	-16115.5	0
381000	5.14219e-12	-13214.9	0
382000	-4.41825e-10	-12261.9	0
383000	-3.01292e-10	-13487.6	0
384000	-2.00716e-10	-16564.6	0
385000	-1.28253e-10	-20697.4	0
386000	-5.06131e-10	-24833.6	0
387000	-1.8723e-10	-27935.1	0
388000	-1.96048e-10	-29235.5	0
389000	-2.73092e-10	-28423.7	0
390000	-4.67443e-10	-25714.9	0
391000	-9.90029e-11	-21796	0
392000	-3.20866e-10	-17656.3	0
393000	-4.05627e-10	-14341.8	0
394000	-3.63161e-10	-12689.3	0
395000	-1.16278e-10	-13109.6	0
396000	-4.62897e-10	-15482.2	0
397000	-3.48366e-10	-19189.8	0
398000	-2.76939e-10	-23284.6	0
399000	-2.33533e-10	-26734.1	0
400000	-5.20878e-10	-28681.2	0
401000	-2.01493e-10	-28651.8	0
402000	-3.09738e-10	-26666.2	0
403000	-3.7835e-10	-23230.5	0
404000	-4.58459e-10	-19212	0
405000	-1.53932e-10	-15625	0
406000	-4.53672e-10	-13374.8	0
407000	-3.8694e-10	-13025.5	0
408000	-2.89444e-10	-14654	0
409000	-2.21534e-10	-17832.6	0
410000	-5.56952e-10	-21745.1	0
411000	-2.64436e-10	-25400.7	0
412000	-2.53741e-10	-27886.4	0
413000	-3.5085e-10	-28591.6	0
414000	-4.90911e-10	-27352.9	0
415000	-1.38904e-10	-24490.5	0
416000	-3.72253e-10	-20727.7	0
417000	-4.7087e-10	-17013.5	0
418000	-3.28551e-10	-14284.6	0
419000	-1.23382e-10	-13227.3	0
420000	-5.56983e-10	-14100.3	0
421000	-3.55786e-10	-16668.6	0
422000	-1.76899e-10	-20269.3	0
423000	-2.98539e-10	-23986.8	0
424000	-6.15095e-10	-26888.4	0
425000	-1.27417e-10	-28256.4	0
426000	-2.36259e-10	-27761.4	0
427000	-4.66985e-10	-25538.2	0
428000	-4.28272e-10	-22150.7	0
429000	-2.15376e-11	-18452.8	0
430000	-4.31897e-10	-15376.5	0
431000	-4.49815e-10	-13696.2	0
432000	-2.03446e-10	-13830	0
433000	-1.71883e-10	-15732.2	0
434000	-5.58597e-10	-18908.3	0
435000	-2.59516e-10	-22547	0
436000	-1.32287e-10	-25731.5	0
437000	-4.11024e-10	-27669.8	0
438000	-4.86574e-10	-27888.6	0
439000	-7.85053e-11	-26344.8	0
440000	-3.18391e-10	-23433	0
441000	-5.13825e-10	-19887.8	0
442000	-2.54615e-10	-16602.1	0
443000	-1.34346e-10	-14403	0
444000	-5.21449e-10	-13841.1	0
445000	-3.83191e-10	-15048.7	0
446000	-1.16802e-10	-17707.8	0
447000	-3.71319e-10	-21135.9	0
448000	-5.19529e-10	-24465.5	0
449000	-1.71526e-10	-26864.5	0
450000	-1.77828e-10	-27742.4	0
451000	-5.53048e-10	-26891.2	0
452000	-3.69042e-10	-24533.4	0
453000	-9.68279e-11	-21265	0
454000	-4.4854e-10	-17909	0
455000	-5.35145e-10	-15309.9	0
456000	-1.58031e-10	-14120.1	0
457000	-2.9199e-10	-14632.5	0
458000	-6.25085e-10	-16706	0
459000	-3.21502e-10	-19805.6	0
460000	-1.37676e-10	-23143.2	0
461000	-5.62667e-10	-25881.1	0
462000	-4.81928e-10	-27341.2	0
463000	-1.21355e-10	-27169.4	0
464000	-3.33661e-10	-25419	0
465000	-6.58447e-10	-22534.6	0
466000	-2.31558e-10	-19243	0
467000	-1.99131e-10	-16372	0
468000	-5.90943e-10	-14643.1	0
469000	-4.87758e-10	-14486.7	0
470000	-8.724e-11	-15932.4	0
471000	-4.37253e-10	-18603.6	0
472000	-5.90487e-10	-21818.3	0
473000	-2.39763e-10	-24766.1	0
474000	-2.36916e-10	-26713.1	0
475000	-6.33516e-10	-27182	0
476000	-3.4973e-10	-26066.3	0
477000	-1.6352e-10	-23652.9	0
478000	-5.1116e-10	-20550.7	0
479000	-5.79767e-10	-17539.9	0
480000	-1.13663e-10	-15377.1	0
481000	-3.82537e-10	-14603.3	0
482000	-6.29173e-10	-15405.7	0
483000	-3.27076e-10	-17570.9	0
484000	-1.53725e-10	-20543.2	0
485000	-6.44128e-10	-23570	0
486000	-4.20096e-10	-25894.2	0
487000	-1.61113e-10	-26942.3	0
488000	-4.31413e-10	-26462.6	0
489000	-6.81933e-10	-24583.9	0
490000	-1.47148e-10	-21781.8	0
491000	-3.36216e-10	-18761.4	0
492000	-6.68243e-10	-16281.6	0
493000	-4.23878e-10	-14963.9	0
494000	-1.11077e-10	-15134.3	0
495000	-6.46733e-10	-16740	0
496000	-5.5242e-10	-19366	0
497000	-2.27383e-10	-22344.5	0
498000	-3.43567e-10	-24927.2	0
499000	-7.35298e-10	-26473.3	0
500000	-2.73601e-10	-26605.6	0
501000	-2.90729e-10	-25300.6	0
502000	-6.32649e-10	-22891.2	0
503000	-5.68129e-10	-19984.4	0
504000	-1.43599e-10	-17310.6	0
505000	-5.56829e-10	-15540.4	0
506000	-6.0134e-10	-15115.1	0
507000	-2.98974e-10	-16133.6	0
508000	-2.29695e-10	-18329.2	0
509000	-6.75701e-10	-21140.9	0
510000	-3.99986e-10	-23859.3	0
511000	-2.18875e-10	-25806.5	0
512000	-4.61014e-10	-26503.7	0
513000	-6.43083e-10	-25786.1	0
514000	-1.39249e-10	-23840.7	0
515000	-3.76331e-10	-21159	0
516000	-6.43125e-10	-18414.8	0
517000	-3.98114e-10	-16296.9	0
518000	-1.37002e-10	-15334.9	0
519000	-6.54359e-10	-15764.3	0
520000	-5.18392e-10	-17467.7	0
521000	-1.79455e-10	-20007.3	0
522000	-3.7719e-10	-22739.7	0
523000	-7.10491e-10	-24980.3	0
524000	-2.28496e-10	-26174.9	0
525000	-2.21148e-10	-26033.8	0
526000	-6.21791e-10	-24600.6	0
527000	-5.27944e-10	-22239.4	0
528000	-1.02764e-10	-19544.2	0
529000	-4.77042e-10	-17191.5	0
530000	-5.8981e-10	-15770.5	0
531000	-2.31218e-10	-15633.7	0
532000	-2.21883e-10	-16807.4	0
533000	-7.1238e-10	-18987.1	0
534000	-3.28271e-10	-21617.9	0
535000	-1.60949e-10	-24038.2	0
536000	-5.48443e-10	-25646	0
537000	-5.95925e-10	-26047.4	0
538000	-9.49978e-11	-25150.6	0
539000	-4.34028e-10	-23186.4	0
540000	-6.54454e-10	-20650.1	0
541000	-3.48018e-10	-18178.4	0
542000	-1.78672e-10	-16390.9	0
543000	-6.88503e-10	-15733.3	0
544000	-4.80404e-10	-16364.3	0
545000	-2.21478e-10	-18116.3	0
546000	-4.31489e-10	-20541.2	0
547000	-7.33615e-10	-23026.4	0
548000	-2.07194e-10	-24951	0
549000	-3.233e-10	-25840.2	0
550000	-6.14101e-10	-25480.2	0
551000	-4.53496e-10	-23968.2	0
552000	-1.3383e-10	-21687.1	0
553000	-5.76676e-10	-19210.2	0
554000	-6.06527e-10	-17158.5	0
555000	-2.58181e-10	-16044.9	0
556000	-2.93998e-10	-16144.1	0
557000	-7.46894e-10	-17423.3	0
558000	-3.48772e-10	-19552.6	0
559000	-2.05259e-10	-21992	0
560000	-5.24972e-10	-24129.4	0
561000	-6.59216e-10	-25434.6	0
562000	-1.13093e-10	-25589	0
563000	-3.96413e-10	-24561.9	0
564000	-6.80898e-10	-22615.5	0
565000	-3.42625e-10	-20240	0
566000	-1.32345e-10	-18031.3	0
567000	-6.74705e-10	-16542.2	0
568000	-5.11023e-10	-16142.8	0
569000	-1.52338e-10	-16926.9	0
570000	-4.09418e-10	-18689.3	0
571000	-7.03827e-10	-20980.7	0
572000	-2.08526e-10	-23223.9	0
573000	-2.69175e-10	-24859.9	0
574000	-6.70389e-10	-25486	0
575000	-4.79679e-10	-24953.7	0
576000	-9.3653e-11	-23402.2	0
577000	-5.7173e-10	-21223.6	0
578000	-6.51155e-10	-18964.9	0
579000	-2.33774e-10	-17191.8	0
580000	-2.86174e-10	-16346.7	0
581000	-7.02809e-10	-16636.5	0
582000	-3.85019e-10	-17980.8	0
583000	-1.62577e-10	-20034.8	0
584000	-5.6627e-10	-22278.9	0
585000	-5.82707e-10	-24151.5	0
586000	-1.41167e-10	-25189	0
587000	-3.70995e-10	-25139.5	0
588000	-7.01617e-10	-24022.2	0
589000	-2.90335e-10	-22121.3	0
590000	-1.762e-10	-19914.8	0
591000	-6.40686e-10	-17955.8	0
592000	-4.90314e-10	-16733.9	0
593000	-6.61558e-11	-16551.7	0
594000	-4.53842e-10	-17448.4	0
595000	-6.52124e-10	-19191.5	0
596000	-1.95891e-10	-21338	0
597000	-2.24498e-10	-23348.6	0
598000	-7.19077e-10	-24723.2	0
599000	-4.32089e-10	-25124.5	0
600000	-8.13839e-11	-24459.4	0
601000	-5.6656e-10	-22899.5	0
602000	-6.61125e-10	-20838.4	0
603000	-1.15923e-10	-18793.1	0
604000	-3.28421e-10	-17275.4	0
605000	-7.66385e-10	-16663	0
606000	-3.37029e-10	-17104.3	0
607000	-1.13678e-10	-18481.3	0
608000	-7.18408e-10	-20442.4	0
609000	-5.47845e-10	-22492.5	0
610000	-7.46365e-11	-24119.8	0
611000	-4.11787e-10	-24922.3	0
612000	-7.65453e-10	-24706.3	0
613000	-1.66799e-10	-23531.9	0
614000	-1.99739e-10	-21696.8	0
615000	-7.1737e-10	-19662	0
616000	-4.94133e-10	-17937.2	0
617000	-4.71867e-11	-16952.8	0
618000	-5.73338e-10	-16951.5	0
619000	-6.96783e-10	-17927.2	0
620000	-1.52148e-10	-19628.6	0
621000	-2.50985e-10	-21624.5	0
622000	-8.00295e-10	-23414.4	0
623000	-3.37781e-10	-24554	0
624000	-1.10156e-10	-24764.7	0
625000	-6.55529e-10	-24000.1	0
626000	-6.26895e-10	-22456.2	0
627000	-5.43896e-11	-20521.8	0
628000	-4.43527e-10	-18682	0
629000	-7.37519e-10	-17396.4	0
630000	-2.48151e-10	-16984.3	0
631000	-1.34173e-10	-17543.7	0
632000	-7.58229e-10	-18927.7	0
633000	-4.69951e-10	-20783.9	0
634000	-4.9814e-11	-22644.9	0
635000	-5.12005e-10	-24046.9	0
636000	-7.47464e-10	-24644.3	0
637000	-1.03039e-10	-24294.2	0
638000	-2.78503e-10	-23089.5	0
639000	-7.63503e-10	-21334.8	0
640000	-3.91049e-10	-19470.7	0
641000	-2.93035e-11	-17963.6	0
642000	-6.2983e-10	-17188.9	0
643000	-5.95436e-10	-17336.6	0
644000	-7.42121e-11	-18363.6	0
645000	-3.14238e-10	-20006.5	0
646000	-7.70379e-10	-21850.1	0
647000	-2.29307e-10	-23432.8	0
648000	-1.27289e-10	-24362.6	0
649000	-6.62831e-10	-24412.9	0
650000	-5.46098e-10	-23576.9	0
651000	-2.42384e-12	-22067.7	0
652000	-4.94068e-10	-20265.1	0
653000	-7.39504e-10	-18620.5	0
654000	-2.10445e-10	-17544.5	0
655000	-1.19705e-10	-17303.5	0
656000	-7.81681e-10	-17952.7	0
657000	-4.10898e-10	-19323.2	0
658000	-3.89145e-11	-21067.2	0
659000	-5.05471e-10	-22746.3	0
660000	-7.4178e-10	-23942.8	0
661000	-1.07645e-11	-24362.5	0
662000	-2.71187e-10	-23906.3	0
663000	-7.75962e-10	-22692.9	0
664000	-3.76392e-10	-21028.8	0
665000	3.40434e-11	-19331.3	0
666000	-7.00688e-10	-18024.8	0
667000	-5.85711e-10	-17434.2	0
668000	-4.46832e-11	-17703.2	0
669000	-3.15676e-10	-18758.7	0
670000	-8.44391e-10	-20331	0
671000	-1.57191e-10	-22023.5	0
672000	-1.29698e-10	-23413.4	0
673000	-6.59432e-10	-24156.9	0
674000	-5.63033e-10	-24073.6	0
675000	6.1852e-11	-23189.6	0
676000	-5.47635e-10	-21729.5	0
677000	-7.13389e-10	-20060.1	0
678000	-1.72291e-10	-18599.4	0
679000	-1.59959e-10	-17711.6	0
680000	-8.27727e-10	-17615.6	0
681000	-3.65629e-10	-18330.4	0
682000	-6.24813e-11	-19671.7	0
683000	-5.72402e-10	-21299.5	0
684000	-7.41172e-10	-22805.6	0
685000	-6.65562e-12	-23815.8	0
686000	-3.35206e-10	-24082.4	0
687000	-8.00375e-10	-23544.1	0
688000	-3.0535e-10	-22339.5	0
689000	-2.7466e-11	-20772.4	0
690000	-7.43533e-10	-19235.5	0
691000	-6.02516e-10	-18112.8	0
692000	-5.42302e-11	-17682.7	0
693000	-4.15943e-10	-18048.9	0
694000	-9.00299e-10	-19114.2	0
695000	-1.67532e-10	-20607.5	0
696000	-1.73129e-10	-22152.6	0
697000	-8.38119e-10	-23364.2	0
698000	-5.58218e-10	-23943.2	0
699000	8.71982e-11	-23750	0
700000	-5.90855e-10	-22837.5	0
701000	-8.55937e-10	-21436.9	0
702000	-1.28417e-10	-19899.9	0
703000	-2.209e-10	-18610.9	0
704000	-9.36781e-10	-17890.9	0
705000	-4.22949e-10	-17916.8	0
706000	-4.83604e-11	-18677.2	0
707000	-6.95299e-10	-19976.9	0
708000	-7.72026e-10	-21487.3	0
709000	-7.34718e-11	-22830.2	0
710000	-4.13205e-10	-23672.5	0
711000	-9.34631e-10	-23808.3	0
712000	-3.31528e-10	-23208.4	0
713000	-1.45204e-10	-22026.3	0
714000	-8.40174e-10	-20559.9	0
715000	-7.04654e-10	-19176.2	0
716000	-7.83505e-11	-18220.7	0
717000	-5.63585e-10	-17929.9	0
718000	-9.15838e-10	-18372.3	0
719000	-2.98161e-10	-19432.5	0
720000	-2.18815e-10	-20841.1	0
721000	-9.15008e-10	-22244	0
722000	-5.57616e-10	-23291.9	0
723000	-8.07109e-11	-23726.5	0
724000	-6.37256e-10	-23444	0
725000	-8.5453e-10	-22519	0
726000	-1.59235e-10	-21185.5	0
727000	-3.4113e-10	-19778	0
728000	-8.74923e-10	-18648.4	0
729000	-4.84138e-10	-18077.4	0
730000	-9.39152e-11	-18204.6	0
731000	-7.63436e-10	-18993.5	0
732000	-7.78936e-10	-20242.5	0
733000	-1.75374e-10	-21636.3	0
734000	-3.6472e-10	-22826.5	0
735000	-9.10429e-10	-23518.3	0
736000	-3.84963e-10	-23543.1	0
737000	-2.08585e-10	-22899	0
738000	-7.56476e-10	-21750.3	0
739000	-7.60014e-10	-20385.9	0
740000	-1.05838e-10	-19147.3	0
741000	-5.51519e-10	-18343.2	0
742000	-8.57664e-10	-18172.1	0
743000	-3.84483e-10	-18672.9	0
744000	-1.85285e-10	-19715.9	0
745000	-9.19751e-10	-21036.7	0
746000	-5.60197e-10	-22303.7	0
747000	-1.82525e-10	-23202	0
748000	-6.09448e-10	-23510.6	0
749000	-8.9768e-10	-23156.8	0
750000	-1.57761e-10	-22232.5	0
751000	-4.08e-10	-20971.2	0
752000	-8.92076e-10	-19689.1	0
753000	-5.51183e-10	-18706.4	0
754000	-8.6238e-11	-18266.9	0
755000	-7.89693e-10	-18477.3	0
756000	-7.378e-10	-19280.7	0
757000	-2.35728e-10	-20472.3	0
758000	-3.93856e-10	-21751.8	0
759000	-9.71374e-10	-22799.9	0
760000	-3.60879e-10	-23357.4	0
761000	-2.0756e-10	-23289	0
762000	-7.46679e-10	-22615.6	0
763000	-7.64299e-10	-21508.5	0
764000	-9.22936e-11	-20245.8	0
765000	-5.69164e-10	-19143.3	0
766000	-8.5825e-10	-18475.6	0
767000	-3.74204e-10	-18407	0
768000	-1.67538e-10	-18950.7	0
769000	-8.75303e-10	-19966.9	0
770000	-5.60297e-10	-21198.5	0
771000	-2.10771e-10	-22336.8	0
772000	-5.8117e-10	-23099.1	0
773000	-8.59167e-10	-23298.4	0
774000	-1.90618e-10	-22888.9	0
775000	-4.15577e-10	-21976.1	0
776000	-8.37985e-10	-20790.2	0
777000	-4.84176e-10	-19628.3	0
778000	-1.15203e-10	-18780.3	0
779000	-7.55046e-10	-18456.3	0
780000	-6.85726e-10	-18734	0
781000	-2.30331e-10	-19540.1	0
782000	-3.8266e-10	-20669.5	0
783000	-9.03493e-10	-21838.3	0
784000	-3.55261e-10	-22755.1	0
785000	-2.38789e-10	-23193.4	0
786000	-7.08846e-10	-23047.4	0
787000	-7.05642e-10	-22357.3	0
788000	-1.08602e-10	-21297.9	0
789000	-5.90135e-10	-20135.2	0
790000	-7.5987e-10	-19159.9	0
791000	-3.36884e-10	-18614.4	0
792000	-2.34589e-10	-18632.5	0
793000	-8.45777e-10	-19206.1	0
794000	-5.01971e-10	-20188	0
795000	-2.53162e-10	-21330.5	0
796000	-5.80039e-10	-22347.5	0
797000	-8.38795e-10	-22986.8	0
798000	-2.28427e-10	-23092.1	0
799000	-4.11793e-10	-22640.5	0
800000	-8.00923e-10	-21747.8	0
801000	-5.32279e-10	-20638.8	0
802000	-1.72337e-10	-19591.3	0
803000	-7.47095e-10	-18866.2	0
804000	-6.83972e-10	-18642.9	0
805000	-2.56449e-10	-18974	0
806000	-4.73395e-10	-19773.1	0
807000	-8.8848e-10	-20837.6	0
808000	-3.45212e-10	-21900	0
809000	-3.2676e-10	-22695.8	0
810000	-7.93592e-10	-23028.8	0
811000	-6.66991e-10	-22819.4	0
812000	-1.70273e-10	-22123	0
813000	-6.32497e-10	-21115.8	0
814000	-8.08623e-10	-20050.4	0
815000	-3.28956e-10	-19193.1	0
816000	-3.39833e-10	-18756.6	0
817000	-8.6415e-10	-18847.5	0
818000	-5.33726e-10	-19439.6	0
819000	-1.76413e-10	-20381.7	0
820000	-6.9257e-10	-21436.3	0
821000	-7.56436e-10	-22339.8	0
822000	-2.23204e-10	-22868.5	0
823000	-4.57328e-10	-22893.3	0
824000	-8.81675e-10	-22411.3	0
825000	-4.17042e-10	-21545.6	0
826000	-2.67532e-10	-20513.8	0
827000	-8.08474e-10	-19574.3	0
828000	-6.65797e-10	-18960.9	0
829000	-1.63627e-10	-18824.8	0
830000	-5.70087e-10	-19197.2	0
831000	-7.90778e-10	-19981.6	0
832000	-3.15769e-10	-20979.3	0
833000	-2.54182e-10	-21940.3	0
834000	-8.39878e-10	-22625.4	0
835000	-5.53859e-10	-22866.1	0
836000	-2.02658e-10	-22605.5	0
837000	-5.85085e-10	-21911.5	0
838000	-8.1163e-10	-20959.4	0
839000	-2.32053e-10	-19988	0
840000	-3.854e-10	-19239.6	0
841000	-7.92931e-10	-18899.8	0
842000	-4.93585e-10	-19050.9	0
843000	-1.40045e-10	-19652.1	0
844000	-6.86894e-10	-20550.2	0
845000	-6.75537e-10	-21519.1	0
846000	-2.11541e-10	-22317	0
847000	-3.7829e-10	-22746.5	0
848000	-8.59919e-10	-22703.2	0
849000	-2.99337e-10	-22200.9	0
850000	-1.91852e-10	-21367.4	0
851000	-6.78866e-10	-20412.2	0
852000	-6.17928e-10	-19574.1	0
853000	-7.78663e-11	-19061.6	0
854000	-5.58904e-10	-19000.7	0
855000	-7.56043e-10	-19403.7	0
856000	-2.67684e-10	-20167	0
857000	-2.34346e-10	-21097.6	0
858000	-8.63114e-10	-21962.5	0
859000	-4.51033e-10	-22546.7	0
860000	-1.9326e-10	-22706.8	0
861000	-6.10305e-10	-22405.8	0
862000	-7.6616e-10	-21721.5	0
863000	-1.48254e-10	-20826.3	0
864000	-4.60865e-10	-19944.7	0
865000	-7.66244e-10	-19296.5	0
866000	-4.2003e-10	-19042	0
867000	-1.84692e-10	-19242.4	0
868000	-7.85193e-10	-19844.7	0
869000	-6.18451e-10	-20695.8	0
870000	-2.39956e-10	-21581.9	0
871000	-4.62153e-10	-22281.9	0
872000	-8.15534e-10	-22623	0
873000	-2.67967e-10	-22522.7	0
874000	-3.3978e-10	-22008.7	0
875000	-7.14792e-10	-21211.5	0
876000	-5.86176e-10	-20331.2	0
877000	-1.45371e-10	-19587.9	0
878000	-6.63345e-10	-19166.1	0
879000	-7.10245e-10	-19169.3	0
880000	-3.35075e-10	-19593.9	0
881000	-3.63918e-10	-20331.2	0
882000	-9.1745e-10	-21195	0
883000	-4.59421e-10	-21969.3	0
884000	-3.02949e-10	-22462	0
885000	-6.7399e-10	-22552.3	0
886000	-7.79628e-10	-22220.5	0
887000	-1.90577e-10	-21551.6	0
888000	-5.7233e-10	-20714.2	0
889000	-8.24976e-10	-19918	0
890000	-4.28128e-10	-19361.3	0
891000	-2.72993e-10	-19181.7	0
892000	-8.84564e-10	-19421.5	0
893000	-5.88254e-10	-20018.3	0
894000	-2.71112e-10	-20820.7	0
895000	-6.44758e-10	-21627.2	0
896000	-8.27751e-10	-22237	0
897000	-2.33276e-10	-22499.7	0
898000	-4.70122e-10	-22352.2	0
899000	-8.28322e-10	-21833.9	0
900000	-4.7635e-10	-21075.8	0
901000	-1.90681e-10	-20268.4	0
902000	-7.75432e-10	-19613.1	0
903000	-6.73934e-10	-19272.6	0
904000	-2.26052e-10	-19330	0
905000	-4.61074e-10	-19768.3	0
906000	-8.9653e-10	-20475.6	0
907000	-3.78281e-10	-21273.8	0
908000	-3.19049e-10	-21963.3	0
909000	-8.06206e-10	-22373.3	0
910000	-6.60031e-10	-22403.6	0
911000	-2.27989e-10	-22049.2	0
912000	-6.56797e-10	-21400.5	0
913000	-8.50334e-10	-20620.9	0
914000	-3.31144e-10	-19905.4	0
915000	-4.19992e-10	-19432.1	0
916000	-8.72189e-10	-19317.7	0
917000	-5.35443e-10	-19588.4	0
918000	-2.42102e-10	-20174.1	0
919000	-7.47434e-10	-20926.7	0
920000	-7.23597e-10	-21657.4	0
921000	-2.56839e-10	-22184.4	0
922000	-4.71647e-10	-22378	0
923000	-9.03158e-10	-22192.2	0
924000	-4.28307e-10	-21675.6	0
925000	-3.24953e-10	-20958.7	0
926000	-8.03881e-10	-20221.4	0
927000	-7.26076e-10	-19647.6	0
928000	-1.75569e-10	-19379.5	0
929000	-6.08364e-10	-19482.1	0
930000	-8.40361e-10	-19927.3	0
931000	-3.75398e-10	-20602	0
932000	-2.75983e-10	-21336.1	0
933000	-8.68753e-10	-21946.6	0
934000	-5.66171e-10	-22282.3	0
935000	-2.82546e-10	-22261.5	0
936000	-6.04137e-10	-21891.6	0
937000	-8.29376e-10	-21266.9	0
938000	-2.65234e-10	-20544.4	0
939000	-4.68186e-10	-19904.8	0
940000	-8.18224e-10	-19507.1	0
941000	-5.85307e-10	-19449	0
942000	-1.92009e-10	-19743	0
943000	-7.81585e-10	-20313.3	0
944000	-6.75649e-10	-21015.9	0
945000	-3.2606e-10	-21674.7	0
946000	-4.24846e-10	-22126.1	0
947000	-9.68684e-10	-22259.1	0
948000	-3.56862e-10	-22042.7	0
949000	-3.92316e-10	-21532.9	0
950000	-7.53762e-10	-20858.5	0
951000	-7.71161e-10	-20188.3	0
952000	-1.44784e-10	-19689.5	0
953000	-7.1827e-10	-19485.5	0
954000	-7.6887e-10	-19625.3	0
955000	-4.92501e-10	-20071.8	0
956000	-2.50182e-10	-20711.7	0
957000	-9.66522e-10	-21384	0
958000	-5.41984e-10	-21921.2	0
959000	-3.55214e-10	-22190.4	0
960000	-5.43135e-10	-22126.4	0
961000	-9.71622e-10	-21747.3	0
962000	-2.21262e-10	-21149.4	0
963000	-5.14494e-10	-20482.8	0
964000	-7.49564e-10	-19914.1	0
965000	-6.6543e-10	-19584.6	0
966000	-1.18196e-10	-19575	0
967000	-8.35998e-10	-19885.6	0
968000	-6.61784e-10	-20436.9	0
969000	-4.08238e-10	-21089.8	0
970000	-3.7207e-10	-21680.9	0
971000	-1.00864e-09	-22063.5	0
972000	-3.23515e-10	-22143.8	0
973000	-4.20987e-10	-21903.7	0
974000	-6.76491e-10	-21405	0
975000	-7.90917e-10	-20773.4	0
976000	-1.09432e-10	-20167.1	0
977000	-6.89118e-10	-19737.1	0
978000	-7.20932e-10	-19589.6	0
979000	-4.62419e-10	-19759.5	0
980000	-2.63429e-10	-20202.5	0
981000	-9.58904e-10	-20806.3	0
982000	-4.71678e-10	-21419.2	0
983000	-3.49529e-10	-21888.7	0
984000	-5.65688e-10	-22098.7	0
985000	-9.14506e-10	-21998.8	0
986000	-1.70721e-10	-21615.8	0
987000	-5.63743e-10	-21046.7	0
988000	-7.49511e-10	-20434.4	0
989000	-5.96314e-10	-19931.8	0
990000	-1.40727e-10	-19663.5	0
991000	-8.29256e-10	-19695.1	0
992000	-6.22062e-10	-20016.7	0
993000	-3.73637e-10	-20546.2	0
994000	-4.20024e-10	-21150.2	0
995000	-9.32795e-10	-21677.7	0
996000	-3.17879e-10	-21998	0
997000	-4.1636e-10	-22032.7	0
998000	-6.98781e-10	-21775	0
999000	-7.49685e-10	-21290.9	0
1e+06	-1.18979e-10	-20702.2	0
