0.211325	0.211325	0	
0	-0	-0	0
1000	6.71293e-12	-500.002	0
2000	-1.53206e-11	-1903.05	0
3000	-2.99625e-11	-4133.73	0
4000	-1.74196e-12	-7077.24	0
5000	-2.8844e-11	-10585.8	0
6000	-3.88896e-11	-14486.6	0
7000	-3.66638e-11	-18590.8	0
8000	-1.94327e-11	-22703.2	0
9000	-4.93097e-11	-26631.2	0
10000	-1.34009e-11	-30193.8	0
11000	-2.99127e-11	-33230.1	0
12000	-6.29315e-11	-35605.2	0
13000	-1.75647e-11	-37216.3	0
14000	-1.92249e-11	-37996.5	0
15000	-1.33014e-12	-37916.7	0
16000	-7.53928e-11	-36987.1	0
17000	1.9724e-11	-35256	0
18000	-8.84073e-12	-32807.3	0
19000	-3.08395e-11	-29757.4	0
20000	-7.76332e-11	-26249.3	0
21000	1.01901e-11	-22447	0
22000	-4.49249e-11	-18527.6	0
23000	-7.53584e-11	-14673.9	0
24000	-3.63739e-11	-11065.1	0
25000	-3.82312e-11	-7869.18	0
26000	-9.70231e-11	-5234.06	0
27000	-1.01507e-10	-3280.85	0
28000	-6.9297e-13	-2097.66	0
29000	-3.91789e-11	-1735.39	0
30000	-1.19359e-10	-2205.33	0
31000	-4.01089e-11	-3478.91	0
32000	-4.23364e-11	-5489.5	0
33000	-4.17565e-11	-8136.24	0
34000	-1.18097e-10	-11289.4	0
35000	-3.1089e-11	-14797.4	0
36000	-6.18815e-11	-18494.2	0
37000	-1.32327e-11	-22207.5	0
38000	-1.02607e-10	-25767	0
39000	-4.79677e-11	-29011.9	0
40000	-3.30079e-11	-31797.9	0
41000	-4.79197e-11	-34003.6	0
42000	-8.44209e-11	-35534.8	0
43000	-7.99756e-11	-36328.5	0
44000	-1.40485e-11	-36354.8	0
45000	-4.69396e-11	-35618.4	0
46000	-5.44298e-11	-34157.4	0
47000	-1.36151e-10	-32041.8	0
48000	2.38414e-11	-29370.3	0
49000	-9.01965e-11	-26266.4	0
50000	-1.04104e-10	-22872.3	0
51000	-7.90669e-11	-19343.3	0
52000	2.02612e-11	-15840.7	0
53000	-1.23494e-10	-12524.3	0
54000	-1.4302e-10	-9545.21	0
55000	-4.12528e-11	-7038.78	0
56000	-5.54402e-11	-5118.03	0
57000	-1.16681e-10	-3868.32	0
58000	-9.24273e-11	-3343.22	0
59000	-3.3481e-11	-3562.11	0
60000	-1.05808e-10	-4509.42	0
61000	-9.6863e-11	-6135.67	0
62000	-1.00983e-10	-8360.32	0
63000	-1.32753e-11	-11076	0
64000	-1.19928e-10	-14154	0
65000	-1.37718e-10	-17450.9	0
66000	-8.50996e-11	-20815.1	0
67000	-2.78538e-11	-24094.2	0
68000	-1.63854e-10	-27141.9	0
69000	-1.22549e-10	-29824.2	0
70000	-6.2621e-12	-32025	0
71000	-1.06124e-10	-33650.9	0
72000	-1.58148e-10	-34634.9	0
73000	-1.12459e-10	-34938.5	0
74000	1.41464e-11	-34553.4	0
75000	-1.6768e-10	-33501.3	0
76000	-1.28163e-10	-31832.9	0
77000	-6.50509e-11	-29625.6	0
78000	-1.75931e-11	-26980.1	0
79000	-2.35642e-10	-24016.1	0
80000	-1.24904e-10	-20867.2	0
81000	-6.76169e-11	-17674.9	0
82000	-7.73474e-11	-14582.7	0
83000	-2.42422e-10	-11729.2	0
84000	-6.24787e-11	-9241.94	0
85000	-5.31389e-11	-7231.6	0
86000	-1.60781e-10	-5786.66	0
87000	-1.92538e-10	-4969.39	0
88000	-5.79343e-11	-4812.86	0
89000	-6.17953e-11	-5319.64	0
90000	-2.33411e-10	-6461.79	0
91000	-1.08012e-10	-8182.57	0
92000	-9.81012e-11	-10399.4	0
93000	-7.84424e-11	-13008.1	0
94000	-2.13555e-10	-15888	0
95000	-6.33494e-11	-18907.9	0
96000	-1.47139e-10	-21931.9	0
97000	-1.12544e-10	-24826.1	0
98000	-1.69366e-10	-27463.6	0
99000	-8.2421e-12	-29730.9	0
100000	-1.68573e-10	-31531.8	0
101000	-1.10133e-10	-32791.4	0
102000	-1.42605e-10	-33459	0
103000	-4.83687e-11	-33510.1	0
104000	-1.64358e-10	-32946.8	0
105000	-1.61041e-10	-31797.7	0
106000	-4.13232e-11	-30116.5	0
107000	-1.17478e-10	-27979.5	0
108000	-1.4067e-10	-25482.9	0
109000	-1.83218e-10	-22737.8	0
110000	9.46612e-12	-19866.2	0
111000	-1.63567e-10	-16995.5	0
112000	-1.13669e-10	-14252.6	0
113000	-1.56007e-10	-11758.8	0
114000	2.17435e-11	-9623.61	0
115000	-1.96062e-10	-7940.51	0
116000	-9.14526e-11	-6782.11	0
117000	-1.25354e-10	-6197.07	0
118000	-1.55792e-11	-6207.86	0
119000	-2.29765e-10	-6809.88	0
120000	-5.76256e-11	-7971.86	0
121000	-5.66379e-11	-9637.6	0
122000	-8.19231e-11	-11728.8	0
123000	-1.27571e-10	-14149.1	0
124000	-4.88585e-11	-16788.5	0
125000	5.68569e-12	-19528.7	0
126000	-2.19215e-10	-22248.5	0
127000	-1.01561e-11	-24828.9	0
128000	-1.07314e-10	-27158.9	0
129000	1.48722e-11	-29139.2	0
130000	-2.66308e-10	-30687	0
131000	7.59061e-11	-31739	0
132000	-1.41978e-10	-32253.5	0
133000	-1.26989e-11	-32212.3	0
134000	-2.05004e-10	-31621	0
135000	5.36839e-11	-30508.7	0
136000	-3.27058e-11	-28926.4	0
137000	-7.89626e-11	-26945.3	0
138000	-9.20297e-11	-24653.1	0
139000	1.32328e-11	-22150.9	0
140000	9.91932e-13	-19548.7	0
141000	-1.85544e-10	-16960.3	0
142000	1.09268e-12	-14499	0
143000	-3.85524e-11	-12272.1	0
144000	-1.04315e-11	-10376.3	0
145000	-2.70866e-10	-8893.35	0
146000	9.90208e-11	-7886.29	0
147000	-8.96253e-11	-7396.75	0
148000	-6.89962e-11	-7443.04	0
149000	-2.3954e-10	-8019.44	0
150000	1.37085e-10	-9096.68	0
151000	-1.72433e-10	-10623.5	0
152000	-1.388e-10	-12529.1	0
153000	-1.71805e-10	-14726.8	0
154000	7.19374e-11	-17118.2	0
155000	-1.8152e-10	-19597.1	0
156000	-2.33175e-10	-22055.2	0
157000	-7.21981e-12	-24386.3	0
158000	-1.67852e-11	-26490.8	0
159000	-2.05911e-10	-28280.1	0
160000	-2.4375e-10	-29679.9	0
161000	1.06624e-10	-30633.4	0
162000	-1.63595e-10	-31103.2	0
163000	-1.60263e-10	-31072.5	0
164000	-2.15946e-10	-30546.3	0
165000	1.9265e-10	-29550.1	0
166000	-3.14522e-10	-28129.3	0
167000	-1.23566e-10	-26347.2	0
168000	-1.23642e-10	-24282.3	0
169000	1.31509e-10	-22024.6	0
170000	-3.43766e-10	-19672.4	0
171000	-1.21018e-10	-17327.9	0
172000	6.57287e-12	-15092.4	0
173000	-2.99444e-11	-13062.5	0
174000	-3.31008e-10	-11325.4	0
175000	-1.68351e-10	-9955.34	0
176000	1.14671e-10	-9009.91	0
177000	-2.68382e-10	-8527.91	0
178000	-2.4514e-10	-8527.48	0
179000	-1.33413e-10	-9005.39	0
180000	1.5111e-10	-9937.39	0
181000	-4.4295e-10	-11279.5	0
182000	-1.26345e-10	-12970	0
183000	-1.02123e-10	-14932.8	0
184000	4.58217e-11	-17080.5	0
185000	-5.2676e-10	-19318.9	0
186000	-2.06042e-11	-21550.8	0
187000	-6.83971e-11	-23680.4	0
188000	-1.56854e-10	-25617.4	0
189000	-4.49593e-10	-27280.6	0
190000	1.87081e-11	-28601.4	0
191000	-4.03088e-11	-29526.2	0
192000	-3.54284e-10	-30018.9	0
193000	-2.68906e-10	-30061.4	0
194000	-7.26865e-11	-29655.1	0
195000	-8.33335e-11	-28820.2	0
196000	-4.8739e-10	-27594.5	0
197000	-6.61758e-11	-26032.5	0
198000	-1.8204e-10	-24202.4	0
199000	-1.30331e-10	-22183.8	0
200000	-5.33165e-10	-20063.7	0
201000	6.57951e-11	-17933.6	0
202000	-2.37527e-10	-15884.9	0
203000	-2.49189e-10	-14005.4	0
204000	-3.68779e-10	-12375.1	0
205000	1.01317e-10	-11063.2	0
206000	-2.97534e-10	-10124.5	0
207000	-3.40675e-10	-9597.56	0
208000	-1.60064e-10	-9502.57	0
209000	1.46241e-11	-9840.81	0
210000	-3.03256e-10	-10594.6	0
211000	-3.63381e-10	-11728.5	0
212000	5.66365e-11	-13190.5	0
213000	-1.60343e-10	-14915.2	0
214000	-2.62503e-10	-16826.2	0
215000	-3.44774e-10	-18840.2	0
216000	1.30542e-10	-20870.1	0
217000	-3.37154e-10	-22829.1	0
218000	-2.02602e-10	-24634.7	0
219000	-2.60979e-10	-26211.2	0
220000	1.10727e-10	-27493.8	0
221000	-4.05758e-10	-28430.5	0
222000	-1.78462e-10	-28984.4	0
223000	-1.26698e-10	-29134.7	0
224000	2.10806e-11	-28877.8	0
225000	-3.74179e-10	-28227.3	0
226000	-2.0364e-10	-27213	0
227000	-3.94519e-11	-25879.8	0
228000	-1.8813e-10	-24285.9	0
229000	-3.28507e-10	-22500.1	0
230000	-2.19494e-10	-20599.4	0
231000	1.93192e-11	-18664.9	0
232000	-3.58476e-10	-16779.4	0
233000	-2.13627e-10	-15023	0
234000	-2.47917e-10	-13470.3	0
235000	4.34115e-11	-12186.6	0
236000	-4.36579e-10	-11225.5	0
237000	-1.44514e-10	-10626.4	0
238000	-2.33265e-10	-10412.9	0
239000	-5.75662e-11	-10591.6	0
240000	-3.99604e-10	-11152.2	0
241000	-1.08081e-10	-12068.1	0
242000	-1.81595e-10	-13297.2	0
243000	-1.86304e-10	-14784.7	0
244000	-3.27299e-10	-16464.9	0
245000	-1.30438e-10	-18264.7	0
246000	-1.42061e-10	-20106.6	0
247000	-2.95441e-10	-21912.1	0
248000	-2.10422e-10	-23605	0
249000	-1.79491e-10	-25114.7	0
250000	-1.14948e-10	-26379	0
251000	-3.40957e-10	-27346.6	0
252000	-9.73214e-11	-27979	0
253000	-2.11726e-10	-28252	0
254000	-1.12793e-10	-28156.6	0
255000	-4.1348e-10	-27699.2	0
256000	-1.59696e-11	-26901.3	0
257000	-2.63641e-10	-25798.4	0
258000	-1.68469e-10	-24438.6	0
259000	-3.35828e-10	-22880.6	0
260000	1.28039e-11	-21191.1	0
261000	-2.39449e-10	-19442.3	0
262000	-2.41201e-10	-17708.4	0
263000	-1.75203e-10	-16062.9	0
264000	-5.2957e-11	-14575.3	0
265000	-2.20004e-10	-13307.9	0
266000	-3.19797e-10	-12313.6	0
267000	-2.62589e-11	-11633.3	0
268000	-1.92486e-10	-11294.1	0
269000	-2.28435e-10	-11308.3	0
270000	-2.90334e-10	-11673	0
271000	1.14711e-10	-12370.3	0
272000	-3.41167e-10	-13368.1	0
273000	-1.9266e-10	-14621.6	0
274000	-2.07013e-10	-16075.7	0
275000	7.43276e-11	-17667.2	0
276000	-4.51439e-10	-19327.5	0
277000	-1.45974e-10	-20985.9	0
278000	-1.1363e-10	-22572.6	0
279000	-7.62977e-11	-24021.2	0
280000	-3.98563e-10	-25272.1	0
281000	-7.63451e-11	-26274.3	0
282000	-5.62284e-11	-26987.6	0
283000	-2.44124e-10	-27384.3	0
284000	-2.85184e-10	-27449.9	0
285000	-1.28662e-10	-27183.9	0
286000	1.65228e-11	-26599.5	0
287000	-3.68412e-10	-25723.1	0
288000	-1.24798e-10	-24593.1	0
289000	-1.57262e-10	-23258.2	0
290000	1.33216e-12	-21775.6	0
291000	-4.34556e-10	-20208.4	0
292000	-5.5753e-11	-18622.9	0
293000	-1.40248e-10	-17086.2	0
294000	-8.0339e-11	-15663	0
295000	-3.99306e-10	-14412.7	0
296000	-3.88162e-11	-13387.5	0
297000	-1.42277e-10	-12629.5	0
298000	-2.28413e-10	-12169.3	0
299000	-3.15265e-10	-12024.7	0
300000	-7.2654e-11	-12199.7	0
301000	-1.22189e-10	-12684.9	0
302000	-3.80786e-10	-13457.5	0
303000	-2.13915e-10	-14482.7	0
304000	-1.41002e-10	-15715.3	0
305000	-1.61368e-10	-17101.6	0
306000	-4.71646e-10	-18581.9	0
307000	-1.03338e-10	-20093.1	0
308000	-2.04894e-10	-21571.6	0
309000	-2.49117e-10	-22955.5	0
310000	-4.62276e-10	-24187.6	0
311000	-6.24732e-11	-25217.5	0
312000	-2.9934e-10	-26003.6	0
313000	-3.03167e-10	-26515	0
314000	-3.47007e-10	-26732.2	0
315000	-7.50133e-11	-26648.1	0
316000	-3.36409e-10	-26268.2	0
317000	-3.59755e-10	-25610.1	0
318000	-2.18573e-10	-24703	0
319000	-1.89667e-10	-23586.1	0
320000	-3.11082e-10	-22307.3	0
321000	-3.45461e-10	-20921	0
322000	-9.79995e-11	-19485.8	0
323000	-2.64327e-10	-18062.2	0
324000	-2.38544e-10	-16710.1	0
325000	-2.92473e-10	-15485.9	0
326000	-3.22867e-11	-14440.5	0
327000	-3.35851e-10	-13617.2	0
328000	-1.53164e-10	-13049.3	0
329000	-2.50583e-10	-12759.3	0
330000	-6.66974e-11	-12757.7	0
331000	-3.56064e-10	-13042.9	0
332000	-1.54348e-10	-13600.7	0
333000	-1.99661e-10	-14405.7	0
334000	-1.73157e-10	-15422.3	0
335000	-3.36211e-10	-16606.1	0
336000	-1.61335e-10	-17905.9	0
337000	-1.7277e-10	-19266.4	0
338000	-2.90138e-10	-20630	0
339000	-2.1841e-10	-21939.7	0
340000	-2.03517e-10	-23141.1	0
341000	-1.13154e-10	-24184.8	0
342000	-3.38039e-10	-25028.6	0
343000	-1.29895e-10	-25638.7	0
344000	-2.53717e-10	-25991.5	0
345000	-1.28874e-10	-26074	0
346000	-3.48481e-10	-25884.4	0
347000	-5.08423e-11	-25432.5	0
348000	-2.77943e-10	-24738.7	0
349000	-2.00448e-10	-23833.1	0
350000	-3.07536e-10	-22754.8	0
351000	-8.00251e-11	-21549.6	0
352000	-2.95561e-10	-20268.6	0
353000	-2.73042e-10	-18965.7	0
354000	-2.20062e-10	-17695.5	0
355000	-2.04902e-10	-16511.3	0
356000	-3.06768e-10	-15462	0
357000	-2.9897e-10	-14591.2	0
358000	-1.25326e-10	-13934.4	0
359000	-3.1492e-10	-13518.1	0
360000	-2.51431e-10	-13358.1	0
361000	-2.61904e-10	-13459.8	0
362000	-8.53688e-11	-13817.1	0
363000	-3.6818e-10	-14413.2	0
364000	-1.996e-10	-15221.4	0
365000	-2.23096e-10	-16206.3	0
366000	-1.33872e-10	-17325.3	0
367000	-3.98902e-10	-18530.4	0
368000	-1.60734e-10	-19770.6	0
369000	-1.8306e-10	-20993.8	0
370000	-2.45307e-10	-22149.1	0
371000	-3.64594e-10	-23188.9	0
372000	-1.13775e-10	-24070.8	0
373000	-1.40283e-10	-24759.3	0
374000	-3.52695e-10	-25227	0
375000	-2.19913e-10	-25456.2	0
376000	-1.3547e-10	-25438.9	0
377000	-1.12465e-10	-25177.4	0
378000	-3.96486e-10	-24684.1	0
379000	-1.4209e-10	-23980.8	0
380000	-2.02234e-10	-23098.1	0
381000	-1.60744e-10	-22073.5	0
382000	-3.84504e-10	-20950.5	0
383000	-7.05438e-11	-19776.5	0
384000	-1.92705e-10	-18600.7	0
385000	-2.05623e-10	-17472.3	0
386000	-3.04064e-10	-16438.1	0
387000	-3.3156e-11	-15540.9	0
388000	-2.06525e-10	-14817.6	0
389000	-2.3546e-10	-14297.4	0
390000	-1.77357e-10	-14001.1	0
391000	-1.15074e-10	-13939.6	0
392000	-1.88596e-10	-14114	0
393000	-2.28472e-10	-14515.5	0
394000	-8.45776e-11	-15125.7	0
395000	-1.94241e-10	-15917.6	0
396000	-1.66654e-10	-16856.7	0
397000	-2.56902e-10	-17902.7	0
398000	-5.47995e-11	-19011.2	0
399000	-2.5836e-10	-20135.3	0
400000	-1.51063e-10	-21228.2	0
401000	-2.35975e-10	-22244.6	0
402000	-4.99158e-11	-23142.9	0
403000	-2.88577e-10	-23886.5	0
404000	-1.09597e-10	-24445.9	0
405000	-1.93109e-10	-24798.9	0
406000	-8.71187e-11	-24932.5	0
407000	-2.19948e-10	-24842.5	0
408000	-7.59376e-11	-24534.1	0
409000	-1.40769e-10	-24021.3	0
410000	-1.60078e-10	-23326.7	0
411000	-1.72412e-10	-22480.1	0
412000	-1.61366e-10	-21517.6	0
413000	-7.86991e-11	-20479.7	0
414000	-1.99593e-10	-19410.1	0
415000	-5.46322e-11	-18353.4	0
416000	-2.14869e-10	-17353.7	0
417000	-4.91361e-11	-16452.3	0
418000	-2.17583e-10	-15686.4	0
419000	-2.3007e-11	-15087.2	0
420000	-2.3254e-10	-14678.7	0
421000	-4.51061e-11	-14477	0
422000	-1.85008e-10	-14489.2	0
423000	-6.06798e-11	-14713.4	0
424000	-1.93904e-10	-15138.8	0
425000	-4.29018e-11	-15746.3	0
426000	-1.50679e-10	-16509.2	0
427000	-1.52584e-10	-17394.5	0
428000	-1.34385e-10	-18364.6	0
429000	-1.00611e-10	-19378.3	0
430000	-1.12333e-10	-20393.1	0
431000	-2.30673e-10	-21366.8	0
432000	-5.67892e-11	-22259.4	0
433000	-1.94273e-10	-23034.4	0
434000	-8.97864e-11	-23660.4	0
435000	-2.74071e-10	-24112.7	0
436000	-2.96421e-12	-24373.6	0
437000	-2.18218e-10	-24433.7	0
438000	-7.72597e-11	-24291.8	0
439000	-2.32363e-10	-23954.9	0
440000	-2.72102e-11	-23438.3	0
441000	-2.12803e-10	-22764.4	0
442000	-1.32119e-10	-21962.1	0
443000	-1.79971e-10	-21065.2	0
444000	-8.87004e-11	-20111.6	0
445000	-1.51631e-10	-19141.2	0
446000	-1.6586e-10	-18194.4	0
447000	-1.0134e-10	-17310.5	0
448000	-1.51282e-10	-16526	0
449000	-1.0857e-10	-15873	0
450000	-2.06072e-10	-15378	0
451000	-1.10171e-11	-15060.7	0
452000	-1.86334e-10	-14933.3	0
453000	-6.28323e-11	-15000	0
454000	-2.13745e-10	-15256.6	0
455000	1.77932e-11	-15691.2	0
456000	-2.34007e-10	-16284.5	0
457000	-2.55398e-11	-17010.7	0
458000	-1.72063e-10	-17838.6	0
459000	-2.05638e-12	-18732.9	0
460000	-1.98146e-10	-19656	0
461000	-3.08283e-11	-20569.4	0
462000	-9.03414e-11	-21435.3	0
463000	-3.98636e-11	-22218.1	0
464000	-1.62726e-10	-22885.9	0
465000	-7.9288e-11	-23412	0
466000	-8.66967e-12	-23775.6	0
467000	-1.66456e-10	-23962.7	0
468000	-8.94628e-11	-23966.7	0
469000	-1.14561e-10	-23788.7	0
470000	6.39326e-11	-23437.2	0
471000	-2.53049e-10	-22927.6	0
472000	-2.05303e-11	-22282.1	0
473000	-8.13577e-11	-21528.2	0
474000	2.05819e-11	-20697.7	0
475000	-2.9881e-10	-19825.4	0
476000	3.7735e-11	-18947.7	0
477000	-3.09939e-11	-18101.3	0
478000	-4.4718e-11	-17321	0
479000	-2.20858e-10	-16638.9	0
480000	7.74781e-11	-16082.9	0
481000	-1.80778e-11	-15675.4	0
482000	-1.69447e-10	-15432.4	0
483000	-8.87054e-11	-15363.1	0
484000	4.91557e-11	-15469.4	0
485000	-3.4642e-11	-15745.5	0
486000	-2.23334e-10	-16179	0
487000	2.76639e-11	-16750.6	0
488000	-8.12424e-13	-17435.6	0
489000	-3.95137e-11	-18204.9	0
490000	-2.45652e-10	-19025.7	0
491000	1.3622e-10	-19863.8	0
492000	-9.82445e-11	-20684.1	0
493000	-9.63601e-11	-21452.9	0
494000	-2.00987e-10	-22138.6	0
495000	1.89369e-10	-22713.6	0
496000	-1.77692e-10	-23154.8	0
497000	-1.38656e-10	-23444.9	0
498000	-7.09977e-11	-23572.9	0
499000	7.71359e-11	-23534.6	0
500000	-2.62476e-10	-23332.5	0
501000	-1.63882e-10	-22976.2	0
502000	3.49974e-11	-22481.2	0
503000	-9.95238e-11	-21868.8	0
504000	-2.37157e-10	-21165	0
505000	-1.52412e-10	-20399.5	0
506000	1.25571e-10	-19604.3	0
507000	-2.71056e-10	-18812.5	0
508000	-1.49277e-10	-18057	0
509000	-7.68263e-11	-17368.9	0
510000	9.27844e-11	-16776.5	0
511000	-3.91141e-10	-16303.7	0
512000	-4.3563e-11	-15969.6	0
513000	-3.506e-11	-15787.2	0
514000	-4.06055e-11	-15763.2	0
515000	-4.23294e-10	-15897.6	0
516000	2.11225e-11	-16183.6	0
517000	5.20307e-13	-16608.6	0
518000	-2.02951e-10	-17153.7	0
519000	-3.13414e-10	-17795.6	0
520000	5.88498e-11	-18507	0
521000	1.20702e-11	-19257.8	0
522000	-3.50816e-10	-20016.7	0
523000	-1.55484e-10	-20752.2	0
524000	-1.62542e-11	-21433.9	0
525000	-4.60863e-11	-22034.2	0
526000	-4.28765e-10	-22528.6	0
527000	3.94114e-11	-22897.7	0
528000	-4.40598e-11	-23126.9	0
529000	-1.141e-10	-23207.7	0
530000	-3.98259e-10	-23137.7	0
531000	9.5577e-11	-22920.9	0
532000	-1.16524e-10	-22566.9	0
533000	-2.30505e-10	-22091.4	0
534000	-3.14126e-10	-21514.6	0
535000	7.60815e-11	-20860.9	0
536000	-1.60644e-10	-20157.9	0
537000	-3.11645e-10	-19434.9	0
538000	-1.22603e-10	-18721.9	0
539000	9.06716e-12	-18048.6	0
540000	-1.58027e-10	-17442.5	0
541000	-3.60806e-10	-16928.4	0
542000	8.25102e-11	-16527.1	0
543000	-1.08889e-10	-16254.7	0
544000	-1.48336e-10	-16121.6	0
545000	-3.11453e-10	-16132.5	0
546000	1.71849e-10	-16286.1	0
547000	-2.32983e-10	-16575.1	0
548000	-1.89731e-10	-16986.4	0
549000	-2.08403e-10	-17502.4	0
550000	1.81587e-10	-18100.7	0
551000	-2.96682e-10	-18756.2	0
552000	-2.35033e-10	-19441.1	0
553000	-7.86521e-11	-20126.9	0
554000	3.71689e-11	-20785.3	0
555000	-2.89357e-10	-21389.2	0
556000	-2.1692e-10	-21914.1	0
557000	1.00005e-10	-22338.8	0
558000	-1.52991e-10	-22646.5	0
559000	-2.6196e-10	-22825.3	0
560000	-1.98076e-10	-22868.5	0
561000	1.55486e-10	-22775.4	0
562000	-3.50936e-10	-22550.6	0
563000	-1.76338e-10	-22204.2	0
564000	-1.43068e-10	-21751.2	0
565000	1.11381e-10	-21210.9	0
566000	-4.55452e-10	-20606.2	0
567000	-1.00522e-10	-19962.5	0
568000	-6.67382e-11	-19306.6	0
569000	-3.29529e-11	-18665.6	0
570000	-4.15306e-10	-18066.2	0
571000	-4.13769e-11	-17532.8	0
572000	1.70624e-11	-17087.2	0
573000	-2.27363e-10	-16747.3	0
574000	-2.48761e-10	-16526.7	0
575000	-2.07327e-11	-16433.7	0
576000	6.0691e-11	-16471.4	0
577000	-3.95897e-10	-16637.5	0
578000	-8.41461e-11	-16924.1	0
579000	-2.81097e-11	-17318.6	0
580000	2.26644e-11	-17804	0
581000	-4.34806e-10	-18359.4	0
582000	4.61461e-11	-18961.5	0
583000	-6.91957e-11	-19584.9	0
584000	-4.01306e-11	-20203.7	0
585000	-3.61811e-10	-20792.4	0
586000	1.45886e-10	-21326.8	0
587000	-5.88358e-11	-21785.4	0
588000	-1.563e-10	-22149.6	0
589000	-2.28246e-10	-22405.1	0
590000	1.21804e-10	-22542	0
591000	-4.95193e-11	-22555.6	0
592000	-2.77734e-10	-22445.9	0
593000	-4.2792e-11	-22218.3	0
594000	3.74992e-11	-21883	0
595000	-7.3718e-11	-21454.3	0
596000	-3.34671e-10	-20950.6	0
597000	1.18692e-10	-20393	0
598000	-7.38796e-11	-19805	0
599000	-1.20072e-10	-19210.9	0
600000	-3.03938e-10	-18635.5	0
601000	2.41318e-10	-18102.4	0
602000	-1.9029e-10	-17633.5	0
603000	-1.40222e-10	-17247.7	0
604000	-1.51532e-10	-16960.6	0
605000	2.35498e-10	-16783.6	0
606000	-2.75315e-10	-16723.1	0
607000	-1.77341e-10	-16781.1	0
608000	1.39397e-11	-16954.4	0
609000	4.36212e-11	-17235	0
610000	-2.58276e-10	-17610.6	0
611000	-1.76917e-10	-18065	0
612000	1.62369e-10	-18578.8	0
613000	-1.20272e-10	-19130.5	0
614000	-1.7048e-10	-19696.8	0
615000	-1.46085e-10	-20254.4	0
616000	2.44502e-10	-20780.2	0
617000	-2.70162e-10	-21252.7	0
618000	-6.57119e-11	-21652.9	0
619000	-7.76815e-11	-21964.6	0
620000	1.7827e-10	-22175.6	0
621000	-3.38427e-10	-22278	0
622000	2.23309e-11	-22268.1	0
623000	-4.00283e-12	-22147.1	0
624000	-1.52188e-11	-21920.6	0
625000	-2.96083e-10	-21598.7	0
626000	4.0023e-11	-21195.2	0
627000	4.74054e-11	-20727.2	0
628000	-1.71002e-10	-20214.5	0
629000	-1.42824e-10	-19678.4	0
630000	1.84875e-11	-19141.2	0
631000	6.70107e-11	-18625.3	0
632000	-3.36166e-10	-18151.7	0
633000	3.57744e-11	-17739.8	0
634000	-2.36848e-12	-17406.4	0
635000	4.94046e-11	-17164.7	0
636000	-3.67514e-10	-17024.2	0
637000	1.71537e-10	-16990.1	0
638000	-6.72323e-11	-17063.2	0
639000	-1.86852e-12	-17239.7	0
640000	-2.65667e-10	-17511.6	0
641000	2.07311e-10	-17867.1	0
642000	-6.24384e-11	-18290.9	0
643000	-1.05339e-10	-18765	0
644000	-1.09903e-10	-19269.4	0
645000	1.42054e-10	-19783.1	0
646000	-5.56861e-11	-20284.8	0
647000	-1.95956e-10	-20753.9	0
648000	1.08115e-10	-21171.3	0
649000	-1.29041e-11	-21520	0
650000	-3.66713e-11	-21786.2	0
651000	-1.90995e-10	-21959.4	0
652000	2.12928e-10	-22033.2	0
653000	-1.47838e-10	-22005	0
654000	-2.42532e-11	-21876.7	0
655000	-1.95403e-10	-21654.2	0
656000	1.92998e-10	-21347.3	0
657000	-2.46561e-10	-20969.1	0
658000	-6.3113e-11	-20535.6	0
659000	-7.49801e-11	-20065.1	0
660000	1.25171e-10	-19577.2	0
661000	-2.66009e-10	-19092.2	0
662000	-9.29206e-11	-18630.1	0
663000	4.23174e-11	-18209.8	0
664000	3.14559e-12	-17848.5	0
665000	-2.21672e-10	-17560.8	0
666000	-1.32831e-10	-17358.1	0
667000	1.55715e-10	-17248.4	0
668000	-2.00782e-10	-17235.5	0
669000	-1.49964e-10	-17319.5	0
670000	-1.40027e-10	-17496.1	0
671000	1.84951e-10	-17757.6	0
672000	-3.45223e-10	-18092.5	0
673000	-4.66504e-11	-18486.4	0
674000	-7.13559e-11	-18922.8	0
675000	1.25741e-10	-19383.2	0
676000	-3.84912e-10	-19848.5	0
677000	5.57889e-11	-20299.5	0
678000	-3.1217e-12	-20717.6	0
679000	-5.37577e-11	-21085.8	0
680000	-2.93084e-10	-21389.3	0
681000	6.81266e-11	-21616	0
682000	3.93858e-11	-21757	0
683000	-2.20328e-10	-21807.1	0
684000	-1.19002e-10	-21764.8	0
685000	2.96576e-11	-21632.4	0
686000	4.56389e-11	-21416	0
687000	-3.19412e-10	-21125	0
688000	5.57403e-11	-20771.7	0
689000	-4.76016e-11	-20371.3	0
690000	-8.48921e-12	-19940.4	0
691000	-3.94478e-10	-19497	0
692000	1.52808e-10	-19059.6	0
693000	-1.27623e-10	-18646.1	0
694000	-1.22917e-10	-18273.5	0
695000	-3.09246e-10	-17957	0
696000	2.09104e-10	-17709.2	0
697000	-1.58663e-10	-17540.1	0
698000	-1.90972e-10	-17456.2	0
699000	-1.03e-10	-17460.3	0
700000	1.22393e-10	-17551.9	0
701000	-1.76556e-10	-17726.4	0
702000	-2.39018e-10	-17976.2	0
703000	1.05423e-10	-18290.4	0
704000	-4.02016e-11	-18655.7	0
705000	-1.46562e-10	-19056.5	0
706000	-2.59089e-10	-19476.1	0
707000	1.96415e-10	-19897.1	0
708000	-2.38342e-10	-20302	0
709000	-1.09161e-10	-20674.3	0
710000	-1.96795e-10	-20998.8	0
711000	2.54687e-10	-21262.4	0
712000	-2.93843e-10	-21454.8	0
713000	-8.62533e-11	-21568.4	0
714000	-8.22734e-11	-21599.1	0
715000	1.61183e-10	-21546.1	0
716000	-2.97695e-10	-21412.1	0
717000	-7.74966e-11	-21203.2	0
718000	6.01522e-11	-20928.5	0
719000	4.39573e-12	-20599.6	0
720000	-2.68665e-10	-20230.4	0
721000	-1.17124e-10	-19836.4	0
722000	2.08185e-10	-19434.1	0
723000	-2.01337e-10	-19040	0
724000	-1.09816e-10	-18670.4	0
725000	-1.0051e-10	-18340.5	0
726000	2.24158e-10	-18063.5	0
727000	-3.7111e-10	-17850.8	0
728000	1.68683e-11	-17710.5	0
729000	-6.27371e-11	-17648.2	0
730000	1.49821e-10	-17665.9	0
731000	-3.94161e-10	-17762.3	0
732000	1.16728e-10	-17933	0
733000	-3.658e-11	-18170.4	0
734000	-4.85104e-11	-18464.3	0
735000	-2.45108e-10	-18802.1	0
736000	1.63355e-10	-19169.7	0
737000	2.59294e-11	-19551.6	0
738000	-2.13828e-10	-19932	0
739000	-3.80983e-11	-20295.1	0
740000	1.04967e-10	-20626.2	0
741000	4.34501e-11	-20911.8	0
742000	-3.23106e-10	-21140.5	0
743000	1.97104e-10	-21303.1	0
744000	1.43956e-12	-21393.4	0
745000	7.37551e-12	-21408.2	0
746000	-2.98616e-10	-21347.3	0
747000	3.46772e-10	-21213.7	0
748000	-1.33526e-10	-21013.3	0
749000	-5.46212e-11	-20754.9	0
750000	-1.54848e-10	-20449.4	0
751000	3.94127e-10	-20109.7	0
752000	-1.79494e-10	-19750	0
753000	-1.0426e-10	-19385.4	0
754000	2.67258e-11	-19030.7	0
755000	2.44759e-10	-18700.8	0
756000	-1.79462e-10	-18408.9	0
757000	-1.42459e-10	-18167	0
758000	2.55343e-10	-17984.8	0
759000	6.52368e-12	-17869.3	0
760000	-1.35427e-10	-17825.1	0
761000	-1.38849e-10	-17853.3	0
762000	3.97129e-10	-17952.5	0
763000	-2.34738e-10	-18118.1	0
764000	-7.64466e-11	-18342.8	0
765000	-6.99327e-11	-18616.9	0
766000	4.03283e-10	-18928.7	0
767000	-3.70567e-10	-19265.3	0
768000	-4.3526e-12	-19612.4	0
769000	9.20435e-11	-19955.7	0
770000	2.76041e-10	-20281.1	0
771000	-3.83707e-10	-20575.3	0
772000	6.57679e-11	-20826.3	0
773000	2.17348e-10	-21024.2	0
774000	4.61379e-13	-21161	0
775000	-3.03209e-10	-21231.5	0
776000	1.27966e-10	-21233.3	0
777000	3.36775e-10	-21166.8	0
778000	-2.78605e-10	-21035	0
779000	-7.46732e-11	-20843.9	0
780000	1.79273e-10	-20601.6	0
781000	3.18254e-10	-20318.5	0
782000	-4.27791e-10	-20006.4	0
783000	1.65774e-10	-19678.5	0
784000	1.88517e-10	-19348.4	0
785000	1.46796e-10	-19029.6	0
786000	-4.27772e-10	-18735.3	0
787000	3.5111e-10	-18477.5	0
788000	1.57399e-10	-18266.6	0
789000	-7.43805e-11	-18111	0
790000	-2.43887e-10	-18016.8	0
791000	4.13308e-10	-17987.6	0
792000	1.17718e-10	-18024.1	0
793000	-2.84028e-10	-18124.4	0
794000	2.03956e-11	-18283.9	0
795000	3.48808e-10	-18495.8	0
796000	1.71451e-11	-18750.8	0
797000	-3.84673e-10	-19038.1	0
798000	3.26775e-10	-19345.8	0
799000	1.56444e-10	-19661	0
800000	-7.03249e-11	-19970.6	0
801000	-3.49101e-10	-20261.8	0
802000	4.88981e-10	-20522.9	0
803000	-3.09423e-11	-20743.2	0
804000	-1.21066e-10	-20913.9	0
805000	-1.16817e-10	-21028.4	0
806000	5.36844e-10	-21082.2	0
807000	-1.64677e-10	-21073.5	0
808000	-1.64695e-10	-21003.2	0
809000	2.00951e-10	-20874.4	0
810000	3.85668e-10	-20692.8	0
811000	-2.44755e-10	-20466.3	0
812000	-1.43714e-10	-20204.5	0
813000	4.36768e-10	-19918.3	0
814000	8.91181e-11	-19619.7	0
815000	-2.44009e-10	-19321.1	0
816000	-1.7832e-11	-19034.8	0
817000	5.99917e-10	-18772.6	0
818000	-2.18737e-10	-18545.2	0
819000	-8.46147e-11	-18361.6	0
820000	1.67397e-10	-18229.3	0
821000	5.19022e-10	-18153.4	0
822000	-3.98518e-10	-18136.6	0
823000	9.48863e-11	-18179.3	0
824000	3.41542e-10	-18279.4	0
825000	2.47488e-10	-18432.3	0
826000	-3.69328e-10	-18631.4	0
827000	2.83515e-10	-18868.1	0
828000	4.16488e-10	-19132.5	0
829000	-9.32215e-11	-19413.5	0
830000	-1.85279e-10	-19699.3	0
831000	3.54391e-10	-19978.1	0
832000	3.72262e-10	-20238.5	0
833000	-3.9466e-10	-20469.9	0
834000	9.02019e-11	-20663	0
835000	3.50326e-10	-20809.9	0
836000	2.33301e-10	-20905	0
837000	-4.68021e-10	-20944.7	0
838000	4.05796e-10	-20927.7	0
839000	2.66972e-10	-20855	0
840000	5.65037e-12	-20730.1	0
841000	-3.76114e-10	-20558.3	0
842000	5.42549e-10	-20347	0
843000	1.65479e-10	-20105.3	0
844000	-1.72687e-10	-19843.1	0
845000	-9.14196e-11	-19571.6	0
846000	5.229e-10	-19301.8	0
847000	3.13738e-11	-19045	0
848000	-3.09869e-10	-18811.7	0
849000	2.55141e-10	-18611.3	0
850000	3.72055e-10	-18451.9	0
851000	-2.8298e-11	-18339.9	0
852000	-2.82487e-10	-18279.6	0
853000	5.26418e-10	-18273.1	0
854000	1.33639e-10	-18320.4	0
855000	-6.56735e-11	-18419.1	0
856000	-1.66447e-10	-18565	0
857000	6.15332e-10	-18751.6	0
858000	-1.18064e-10	-18970.9	0
859000	-9.27996e-11	-19213.8	0
860000	5.58021e-11	-19470.1	0
861000	5.14938e-10	-19729	0
862000	-2.35304e-10	-19979.9	0
863000	-7.41044e-11	-20212.5	0
864000	3.03248e-10	-20417.3	0
865000	2.77791e-10	-20586.1	0
866000	-2.08002e-10	-20712.2	0
867000	-3.03841e-11	-20790.6	0
868000	4.85378e-10	-20818.4	0
869000	-6.72837e-11	-20794.8	0
870000	-1.48539e-10	-20721	0
871000	7.97949e-11	-20600.5	0
872000	5.29296e-10	-20438.5	0
873000	-2.86104e-10	-20241.9	0
874000	4.0328e-11	-20019.1	0
875000	1.47134e-10	-19779.3	0
876000	3.75352e-10	-19532.6	0
877000	-3.79835e-10	-19289.1	0
878000	2.10964e-10	-19059	0
879000	2.15705e-10	-18851.6	0
880000	1.35052e-10	-18675.3	0
881000	-2.91217e-10	-18537.3	0
882000	3.11405e-10	-18442.9	0
883000	2.55197e-10	-18395.9	0
884000	-1.02456e-10	-18397.8	0
885000	-7.58963e-11	-18448.3	0
886000	2.99752e-10	-18545	0
887000	2.4903e-10	-18683.5	0
888000	-3.42143e-10	-18858	0
889000	1.54495e-10	-19060.9	0
890000	1.52974e-10	-19283.7	0
891000	1.76525e-10	-19517.2	0
892000	-4.01496e-10	-19751.5	0
893000	3.61046e-10	-19977	0
894000	7.72999e-11	-20184.5	0
895000	4.75888e-11	-20365.6	0
896000	-2.69252e-10	-20513	0
897000	4.53846e-10	-20620.7	0
898000	3.32984e-11	-20684.7	0
899000	-8.16716e-11	-20702.5	0
900000	-3.31634e-11	-20673.8	0
901000	3.70121e-10	-20600	0
902000	-1.12044e-11	-20484.4	0
903000	-2.45583e-10	-20332	0
904000	2.04322e-10	-20149.4	0
905000	2.01582e-10	-19944.3	0
906000	-6.45049e-12	-19725.2	0
907000	-2.88351e-10	-19501.3	0
908000	4.30875e-10	-19281.8	0
909000	-2.25055e-11	-19075.8	0
910000	3.72936e-12	-18891.7	0
911000	-1.78971e-10	-18736.9	0
912000	4.73166e-10	-18617.7	0
913000	-2.05177e-10	-18538.7	0
914000	-2.80673e-11	-18502.9	0
915000	1.66712e-11	-18511.7	0
916000	3.86151e-10	-18564.2	0
917000	-2.28748e-10	-18658.2	0
918000	-6.51832e-11	-18789.3	0
919000	1.81435e-10	-18952.1	0
920000	1.37838e-10	-19139.5	0
921000	-1.7717e-10	-19343.7	0
922000	-8.34251e-11	-19556.1	0
923000	3.24033e-10	-19767.9	0
924000	-1.73361e-10	-19970.5	0
925000	-6.3687e-11	-20155.4	0
926000	-2.40968e-11	-20315.3	0
927000	3.44482e-10	-20443.6	0
928000	-3.3486e-10	-20535.3	0
929000	8.99065e-11	-20586.9	0
930000	-7.02037e-12	-20596.4	0
931000	2.65823e-10	-20563.8	0
932000	-3.25405e-10	-20490.7	0
933000	1.84067e-10	-20380.3	0
934000	4.2886e-11	-20237.4	0
935000	6.35412e-11	-20068.1	0
936000	-1.79243e-10	-19879.5	0
937000	1.92654e-10	-19679.6	0
938000	1.38239e-10	-19476.6	0
939000	-1.01277e-10	-19278.9	0
940000	6.46147e-11	-19094.7	0
941000	1.50091e-10	-18931.4	0
942000	1.87061e-10	-18795.8	0
943000	-1.69096e-10	-18693.1	0
944000	3.22159e-10	-18627.4	0
945000	6.57587e-11	-18601.3	0
946000	2.37518e-10	-18615.5	0
947000	-1.05877e-10	-18669.2	0
948000	4.39386e-10	-18759.9	0
949000	3.34312e-11	-18883.7	0
950000	2.27681e-10	-19035.2	0
951000	-1.80919e-12	-19208.1	0
952000	4.34434e-10	-19394.9	0
953000	4.6077e-11	-19588	0
954000	1.59393e-10	-19779.4	0
955000	1.54532e-10	-19961	0
956000	2.94979e-10	-20125.7	0
957000	8.13908e-11	-20266.6	0
958000	7.50736e-11	-20378.1	0
959000	3.33984e-10	-20455.8	0
960000	8.72232e-11	-20496.7	0
961000	1.18798e-10	-20499.4	0
962000	-2.78874e-11	-20464	0
963000	4.26415e-10	-20392.2	0
964000	-1.19661e-10	-20287.1	0
965000	2.03406e-10	-20153.4	0
966000	-8.50524e-12	-19996.7	0
967000	3.75101e-10	-19823.6	0
968000	-1.68257e-10	-19641.3	0
969000	2.56764e-10	-19457.5	0
970000	8.9013e-11	-19279.6	0
971000	2.26754e-10	-19115	0
972000	-7.14308e-11	-18970.5	0
973000	2.36993e-10	-18851.8	0
974000	1.56261e-10	-18763.7	0
975000	3.13449e-11	-18709.6	0
976000	9.65546e-11	-18691.5	0
977000	1.43816e-10	-18710	0
978000	2.38449e-10	-18764.1	0
979000	-8.93354e-11	-18851.3	0
980000	2.89285e-10	-18967.8	0
981000	4.17985e-12	-19108.6	0
982000	2.2319e-10	-19267.8	0
983000	-1.62552e-10	-19438.6	0
984000	3.36292e-10	-19614	0
985000	-8.40272e-11	-19786.6	0
986000	2.22862e-10	-19949.4	0
987000	-1.11185e-10	-20095.8	0
988000	3.1984e-10	-20219.8	0
989000	-8.14723e-11	-20316.4	0
990000	1.21944e-10	-20381.9	0
991000	1.66605e-11	-20413.7	0
992000	2.07904e-10	-20410.7	0
993000	-1.776e-11	-20373.4	0
994000	-8.24047e-12	-20303.4	0
995000	2.05701e-10	-20203.8	0
996000	-1.36462e-11	-20078.9	0
997000	8.32579e-11	-19934.1	0
998000	-8.54447e-11	-19775.4	0
999000	3.57722e-10	-19609.4	0
1e+06	-1.79216e-10	-19443	0
