0.211325	0.211325	0	
0	-50000	-50000	0
1000	-38645.2	-40511.4	0
2000	-9155.6	-18033.9	0
3000	24736	2478.49	0
4000	45769.6	6537.49	0
5000	42660	-8836.77	0
6000	17467.5	-32338.8	0
7000	-16432.6	-47629.6	0
8000	-42721.7	-45029.6	0
9000	-49454.1	-26654.4	0
10000	-33233.1	-4441.85	0
11000	-1027.78	6838.96	0
12000	31643.2	-802.052	0
13000	48062.4	-22134.9	0
14000	39961.9	-42095	0
15000	11942	-47060.2	0
16000	-21972.9	-34117	0
17000	-45598.7	-12137.6	0
18000	-47643	4284.2	0
19000	-26762.7	4115.67	0
20000	7191.71	-12641.7	0
21000	37469.4	-34526.1	0
22000	48914.3	-46447.7	0
23000	35853.1	-40293.3	0
24000	4888.56	-20467	0
25000	-28586.2	-641.439	0
26000	-48184.6	5766.97	0
27000	-44602.5	-5330.67	0
28000	-19809.3	-26294.4	0
29000	14285.5	-43124.8	0
30000	41348.1	-44591.3	0
31000	48006.4	-29618.1	0
32000	30632.2	-8417.01	0
33000	-2104.09	4356.23	0
34000	-33811	189.054	0
35000	-49500.4	-17603.3	0
36000	-42632.8	-37131.2	0
37000	-16805	-46026.1	0
38000	16416	-38673.4	0
39000	41818.6	-19606.2	0
40000	46952.5	-1331.23	0
41000	29032.9	3769.84	0
42000	-2884.97	-7483.18	0
43000	-33435.6	-27176	0
44000	-49313.7	-42707.6	0
45000	-44372.1	-44859.9	0
46000	-20818.3	-32486.1	0
47000	11649.3	-12983.7	0
48000	38736.6	1460.55	0
49000	47597.4	1357.83	0
50000	34005.9	-13141.4	0
51000	4815.76	-32326.9	0
52000	-26533.6	-44163.7	0
53000	-46856	-41880.6	0
54000	-47994.8	-27125.6	0
55000	-29216	-8643.62	0
56000	2103.9	2371.41	0
57000	32444	-1134.19	0
58000	47904.2	-17030.5	0
59000	41456.8	-35038.8	0
60000	16453.3	-43809.5	0
61000	-15774.6	-38237.6	0
62000	-41452.2	-22002.1	0
63000	-49796.6	-4944.5	0
64000	-37047.9	2627.2	0
65000	-8312.93	-4004.05	0
66000	24014.8	-20807.5	0
67000	45544.1	-37248.8	0
68000	46628	-42995.3	0
69000	26879.6	-34557.8	0
70000	-4818.17	-17367.5	0
71000	-34499.8	-2160.87	0
72000	-49356	1779.29	0
73000	-43186.8	-7777.57	0
74000	-18771.8	-24893.8	0
75000	13497.9	-39174.7	0
76000	39830	-41928	0
77000	48633.4	-31406.6	0
78000	35768.9	-14143.2	0
79000	6935.38	-1001.85	0
80000	-24944.2	-63.5626	0
81000	-46199.3	-11538.6	0
82000	-48493.2	-28257.9	0
83000	-31435.1	-40434	0
84000	-1962.95	-41112.4	0
85000	28147.1	-29823.5	0
86000	46278.8	-13124.6	0
87000	44315	-1159.32	0
88000	23060.7	-1271.45	0
89000	-7963.87	-13105.6	0
90000	-35710.4	-29301	0
91000	-49588.4	-40577.3	0
92000	-44824	-40895	0
93000	-23270.7	-30180.4	0
94000	7180.18	-14291.3	0
95000	34671.5	-2253.33	0
96000	47717.1	-1228.72	0
97000	40731.3	-11805.4	0
98000	16973.8	-27512.1	0
99000	-13530.8	-39219.3	0
100000	-38959.7	-40630.1	0
101000	-50059.4	-31263.8	0
102000	-42749.2	-16267.7	0
103000	-19370.9	-3810.36	0
104000	11519.4	-928.459	0
105000	37753.4	-9407.43	0
106000	48584.8	-24336.4	0
107000	39709.7	-36983.7	0
108000	15026.7	-40182.1	0
109000	-15557.9	-32372	0
110000	-40338.5	-18077	0
111000	-50001.1	-5211.73	0
112000	-40790.3	-859.047	0
113000	-15996.4	-7462.96	0
114000	14948.5	-21352.9	0
115000	39919.2	-34661	0
116000	48962	-39794.9	0
117000	38456.3	-33867.4	0
118000	12642.5	-20365	0
119000	-18196.1	-7036.86	0
120000	-42046	-1344.56	0
121000	-49950.8	-6286.29	0
122000	-39202	-18967.9	0
123000	-13967.2	-32402.7	0
124000	16360.2	-39273.7	0
125000	40346.7	-35776.8	0
126000	48585.8	-23798.1	0
127000	37622.1	-10104.8	0
128000	11809.3	-2494.36	0
129000	-18549.2	-5109.27	0
130000	-41932.8	-16200.3	0
131000	-50201.7	-29599.7	0
132000	-40920.4	-38300.5	0
133000	-17492	-37882.9	0
134000	12001	-28530.9	0
135000	37005.5	-15094.7	0
136000	48005.7	-4848.38	0
137000	40617.1	-3473.29	0
138000	17847.2	-11598.8	0
139000	-11439.1	-24574.9	0
140000	-36691.4	-35494.6	0
141000	-49565.6	-38950.6	0
142000	-46066.1	-33402.8	0
143000	-27279.3	-21642	0
144000	787.03	-9547.86	0
145000	28536.9	-3396.98	0
146000	45850.6	-6530.83	0
147000	46244.6	-17253.4	0
148000	29777	-29726.9	0
149000	2737.83	-37408.5	0
150000	-25297.5	-36553	0
151000	-44965.2	-27802.4	0
152000	-49832.3	-15585.8	0
153000	-38135.3	-5978.79	0
154000	-13499.7	-3851.95	0
155000	15800.8	-10375.6	0
156000	39440	-22200.7	0
157000	48898.7	-33107.5	0
158000	40841.8	-37386.6	0
159000	18308.3	-32912.9	0
160000	-10659.3	-22133.6	0
161000	-36047.5	-10625.8	0
162000	-49285.9	-4194.25	0
163000	-45982.5	-6007.42	0
164000	-27266.2	-15096.8	0
165000	590.104	-26867.4	0
166000	28146	-35360.5	0
167000	45859.2	-36230.7	0
168000	47412.9	-29022.4	0
169000	32174.5	-17504.4	0
170000	5593.25	-7691.74	0
171000	-22926	-4579.89	0
172000	-43700.5	-9561.27	0
173000	-50144.2	-19964.1	0
174000	-40537.3	-30636.3	0
175000	-18112	-36455.4	0
176000	10015.6	-34623.5	0
177000	34740.2	-25977.9	0
178000	47660.4	-14768.9	0
179000	44153.1	-6678.84	0
180000	25453.4	-5806.65	0
181000	-1792.63	-12435.1	0
182000	-28405.4	-23087.3	0
183000	-46113.9	-32589.3	0
184000	-49872.7	-36601.9	0
185000	-38772.6	-33392.3	0
186000	-16042.7	-24442.8	0
187000	11594	-13870.9	0
188000	35475.1	-6712.72	0
189000	47678.5	-6499.79	0
190000	44080.6	-13317.4	0
191000	26069.4	-23713.6	0
192000	-222.055	-32623.8	0
193000	-26467.7	-35962.1	0
194000	-44882.5	-32375	0
195000	-50190.6	-23597.6	0
196000	-40779.8	-13604.3	0
197000	-19184.1	-6944.54	0
198000	8282.63	-6751.53	0
199000	33110.5	-13178.5	0
200000	47318.7	-23162	0
201000	46337.5	-31883.5	0
202000	30631.8	-35203.8	0
203000	5340.05	-31665.2	0
204000	-21644.2	-23041.8	0
205000	-42183.7	-13367.1	0
206000	-50203.4	-7054.58	0
207000	-43324.1	-6948.28	0
208000	-23532.2	-13078	0
209000	3303.78	-22628	0
210000	29050.6	-31179	0
211000	45724.6	-34734	0
212000	48041.4	-31625.5	0
213000	35237.8	-23356.2	0
214000	11396.6	-13877	0
215000	-15971.1	-7631.76	0
216000	-38518.7	-7419.48	0
217000	-49711.8	-13190.5	0
218000	-46570.2	-22248.2	0
219000	-30192.1	-30553.7	0
220000	-5276.21	-34459	0
221000	21064.6	-32223.4	0
222000	41073.9	-24811.9	0
223000	48586.2	-15589.1	0
224000	41179.9	-8832.29	0
225000	21209.4	-7646.64	0
226000	-5060.21	-12450.5	0
227000	-29814.6	-20926.9	0
228000	-46227.2	-29298.1	0
229000	-50135.7	-34040.4	0
230000	-40707.3	-33243.6	0
231000	-20426	-27266.3	0
232000	5385.72	-18606.5	0
233000	29631	-10980.4	0
234000	45266.5	-7770.19	0
235000	47592.2	-10419	0
236000	35991.2	-17678.5	0
237000	14085.9	-26250.2	0
238000	-11725.8	-32416.2	0
239000	-34402.2	-33671.9	0
240000	-48093.5	-29625	0
241000	-49344.7	-22003.4	0
242000	-37753.7	-13938.8	0
243000	-16156.1	-8773.42	0
244000	9816.68	-8716.53	0
245000	33028.4	-13834.3	0
246000	46874.7	-21913.8	0
247000	47401.5	-29415.4	0
248000	34569.4	-33094.7	0
249000	12136.6	-31444.6	0
250000	-13636	-25265.7	0
251000	-35821.1	-17213.1	0
252000	-48612.4	-10637	0
253000	-48702.3	-8225.07	0
254000	-36052.2	-10945.5	0
255000	-13927.3	-17663.1	0
256000	11852.5	-25581.9	0
257000	34353.1	-31376.2	0
258000	47379	-32589	0
259000	47266.4	-28712.1	0
260000	34035.7	-21436.3	0
261000	11424.8	-13902	0
262000	-14284.1	-9290.38	0
263000	-36193.7	-9449.88	0
264000	-48720.8	-14200.3	0
265000	-48903.1	-21533.7	0
266000	-36886.7	-28495.6	0
267000	-15724.5	-32332.8	0
268000	9319.87	-31518.7	0
269000	31880	-26358.2	0
270000	45985.6	-18941.1	0
271000	47749.6	-12348.2	0
272000	36673.7	-9333.95	0
273000	15875.4	-11096	0
274000	-8989.34	-16798.7	0
275000	-31552.3	-24059.7	0
276000	-46443.3	-30026.6	0
277000	-50368.8	-32473.3	0
278000	-42561.2	-30537.7	0
279000	-24807.7	-24968.3	0
280000	-1165.35	-17870.5	0
281000	22726.3	-11987.8	0
282000	40867.7	-9661.9	0
283000	48530.9	-11835.9	0
284000	43739.9	-17601.7	0
285000	27878.2	-24596.7	0
286000	5132.84	-30051.2	0
287000	-18851.1	-31919	0
288000	-38450.7	-29591.1	0
289000	-49249.2	-24011.6	0
290000	-48826.2	-17276	0
291000	-37198.8	-11886.5	0
292000	-16903.6	-9870.88	0
293000	7393.83	-12018.6	0
294000	29863.3	-17523.6	0
295000	44945.9	-24243.8	0
296000	48870.9	-29541.2	0
297000	40708.9	-31357.6	0
298000	22578.4	-29036.2	0
299000	-1013.79	-23536.6	0
300000	-24397.3	-16998.5	0
301000	-42126.4	-11888.7	0
302000	-50188.3	-10082	0
303000	-46817.6	-12205.3	0
304000	-32815	-17442.2	0
305000	-11358.1	-23843.3	0
306000	12653.3	-29027.2	0
307000	33628.3	-31047.8	0
308000	46553.3	-29135.6	0
309000	48254.3	-24025.5	0
310000	38295.7	-17697	0
311000	19151	-12587.6	0
312000	-4495.98	-10610.7	0
313000	-27070.9	-12428.8	0
314000	-43535.9	-17279.6	0
315000	-50462.1	-23352.7	0
316000	-46567.4	-28483.1	0
317000	-32793.3	-30887.4	0
318000	-12060.5	-29734.9	0
319000	11227.3	-25424.7	0
320000	31959.2	-19487.5	0
321000	45388.7	-14085.9	0
322000	48339	-11220.7	0
323000	40133.3	-11938.1	0
324000	22801.9	-15916.1	0
325000	435.699	-21639.1	0
326000	-21987.6	-27039.3	0
327000	-39792.9	-30267.3	0
328000	-49478.4	-30285.8	0
329000	-49213	-27142.7	0
330000	-39052.5	-21914.7	0
331000	-20945.3	-16366.5	0
332000	1504.19	-12398	0
333000	23612.1	-11405	0
334000	40564.5	-13753.4	0
335000	48577.2	-18600.9	0
336000	45889	-24193.9	0
337000	33198.8	-28535.4	0
338000	13398.2	-30128.9	0
339000	-9223.93	-28483.6	0
340000	-29979.4	-24224.2	0
341000	-44711.9	-18824.4	0
342000	-50526.2	-14099	0
343000	-46271	-11616.7	0
344000	-32749.3	-12200.4	0
345000	-12616.8	-15653.6	0
346000	10065	-20807.9	0
347000	30600	-25898.8	0
348000	44639.8	-29166.9	0
349000	49165.1	-29481.9	0
350000	43207.3	-26753	0
351000	28085.2	-21959.5	0
352000	7074.49	-16783	0
353000	-15390.9	-12993.7	0
354000	-34736	-11835.6	0
355000	-47192.3	-13636.4	0
356000	-50467.8	-17749.7	0
357000	-44064.6	-22806.8	0
358000	-29274.5	-27167.1	0
359000	-8923.01	-29426.2	0
360000	13092.8	-28850	0
361000	32455	-25620.4	0
362000	45238.2	-20806.2	0
363000	48772.2	-16029.3	0
364000	42316.4	-12906.5	0
365000	27275.9	-12470.1	0
366000	6828.55	-14813.4	0
367000	-14896.5	-19102.8	0
368000	-33764.3	-23918.1	0
369000	-46409.5	-27743.8	0
370000	-50715.6	-29428.2	0
371000	-46028.5	-28491.8	0
372000	-33185.9	-25238.9	0
373000	-14405.8	-20667.6	0
374000	6984.78	-16192.4	0
375000	27038.6	-13226.8	0
376000	41904.4	-12726.6	0
377000	48656.1	-14851	0
378000	45986.9	-18891	0
379000	34507.7	-23518.5	0
380000	16543.9	-27252.5	0
381000	-4455.37	-28948.5	0
382000	-24658.1	-28134.1	0
383000	-40536	-25106.6	0
384000	-49396.5	-20807.4	0
385000	-49747.2	-16531.3	0
386000	-41501.9	-13555.8	0
387000	-26021.3	-12774.9	0
388000	-5953.95	-14430.2	0
389000	15152.8	-18020.2	0
390000	33458.4	-22435.7	0
391000	45560.9	-26297.6	0
392000	49192.1	-28398.1	0
393000	43694.1	-28093.1	0
394000	30144.8	-25505.2	0
395000	11105.5	-21467.9	0
396000	-9926.43	-17240.4	0
397000	-29210.9	-14103.5	0
398000	-43439.1	-12973	0
399000	-50266.9	-14147.4	0
400000	-48638.8	-17247.6	0
401000	-38895.1	-21347.4	0
402000	-22683.8	-25244.7	0
403000	-2708.53	-27801.4	0
404000	17665	-28266	0
405000	34925.1	-26498.7	0
406000	46013.9	-23029.5	0
407000	48921.2	-18912.7	0
408000	43123.8	-15403.9	0
409000	29717.4	-13559.5	0
410000	11169.5	-13903.8	0
411000	-9233.23	-16286.9	0
412000	-28056.6	-19969	0
413000	-42316.3	-23874.5	0
414000	-49889.6	-26911.6	0
415000	-49730.6	-28261.6	0
416000	-41932.8	-27576.4	0
417000	-27687	-25055.7	0
418000	-9146.92	-21395.7	0
419000	10814.9	-17615	0
420000	28991.9	-14783.6	0
421000	42360.6	-13715.7	0
422000	48649.5	-14716.5	0
423000	46808.1	-17480.3	0
424000	37217.2	-21186.2	0
425000	21573.4	-24761.1	0
426000	2504.2	-27205.5	0
427000	-16944.7	-27871.7	0
428000	-33809.2	-26617.5	0
429000	-45613.9	-23814.3	0
430000	-50664.6	-20229.5	0
431000	-48234.7	-16822.2	0
432000	-38654.8	-14499.4	0
433000	-23294.5	-13883	0
434000	-4416.63	-15141.9	0
435000	15113	-17935.4	0
436000	32248.7	-21494.3	0
437000	44264.2	-24829.2	0
438000	49231.1	-27011.2	0
439000	46368.6	-27440.6	0
440000	36177	-26016.6	0
441000	20328.1	-23157.3	0
442000	1347.09	-19666.4	0
443000	-17833.7	-16497.6	0
444000	-34349.9	-14490.6	0
445000	-45824.6	-14153.7	0
446000	-50675.7	-15547	0
447000	-48288.2	-18284.3	0
448000	-39055.4	-21643.5	0
449000	-24305.1	-24752.9	0
450000	-6128.5	-26809	0
451000	12876.9	-27278.3	0
452000	29941.7	-26038.5	0
453000	42517.9	-23418.8	0
454000	48686.3	-20122.6	0
455000	47500.4	-17038.9	0
456000	39172.1	-14993.7	0
457000	25032.5	-14517.7	0
458000	7268.68	-15706.8	0
459000	-11486.5	-18216.2	0
460000	-28594.2	-21376.6	0
461000	-41780.9	-24384.7	0
462000	-49392.8	-26505.8	0
463000	-50534.3	-27240.8	0
464000	-45118.1	-26430	0
465000	-33850.6	-24280.5	0
466000	-18164.7	-21317.6	0
467000	-87.2318	-18266.7	0
468000	17974.8	-15884.1	0
469000	33536.2	-14768.5	0
470000	44398.8	-15201.5	0
471000	49013.3	-17065.5	0
472000	46746.8	-19872.6	0
473000	37981.4	-22899.1	0
474000	24020.2	-25382.6	0
475000	6840.47	-26719.8	0
476000	-11231.1	-26608.1	0
477000	-27847.9	-25102.8	0
478000	-40927.7	-22585.5	0
479000	-48874	-19663.9	0
480000	-50731.3	-17027.5	0
481000	-46276.5	-15292.1	0
482000	-36046.7	-14861	0
483000	-21292.8	-15833	0
484000	-3854.72	-17975.5	0
485000	14045.4	-20775	0
486000	30078.3	-23555.6	0
487000	42121.3	-25642.8	0
488000	48563.1	-26530.7	0
489000	48546.1	-26010.7	0
490000	42097	-24222.5	0
491000	30117.6	-21615.5	0
492000	14235.8	-18829.6	0
493000	-3449.97	-16532.2	0
494000	-20679.3	-15255.2	0
495000	-35334.1	-15275.5	0
496000	-45691.3	-16563.4	0
497000	-50596	-18803.7	0
498000	-49553.7	-21477.4	0
499000	-42747.2	-23981.3	0
500000	-30995.7	-25758.4	0
501000	-15665.5	-26416.3	0
502000	1461.89	-25811.1	0
503000	18366.1	-24081.3	0
504000	33007.6	-21622.4	0
505000	43578.4	-19001.5	0
506000	48753.3	-16826.5	0
507000	47892.5	-15599.6	0
508000	41142.8	-15594.9	0
509000	29407.2	-16795.3	0
510000	14188.6	-18905.6	0
511000	-2649.27	-21434.7	0
512000	-19144.1	-23817.6	0
513000	-33469.6	-25542.8	0
514000	-44114.7	-26256.7	0
515000	-50003.1	-25827	0
516000	-50562.6	-24359.6	0
517000	-45756.5	-22171.1	0
518000	-36083.7	-19723.7	0
519000	-22545.5	-17533.1	0
520000	-6570.74	-16063.9	0
521000	10108.4	-15630.7	0
522000	25633.1	-16326.9	0
523000	38233.9	-17998.8	0
524000	46456.1	-20276.1	0
525000	49355	-22654.8	0
526000	46621.9	-24612.7	0
527000	38614.8	-25728.1	0
528000	26294.4	-25771.8	0
529000	11082.6	-24751.3	0
530000	-5324.47	-22900.1	0
531000	-21157	-20619.4	0
532000	-34760.4	-18388.6	0
533000	-44754.8	-16664.8	0
534000	-50156.1	-15792.6	0
535000	-50454	-15938.5	0
536000	-45647.6	-17062.6	0
537000	-36237.3	-18929.7	0
538000	-23177.3	-21157.5	0
539000	-7789.98	-23292.1	0
540000	8353.97	-24899.2	0
541000	23584.3	-25651.2	0
542000	36300.4	-25396.1	0
543000	45146.7	-24191	0
544000	49173.4	-22292.1	0
545000	47957.2	-20101	0
546000	41657.8	-18077.1	0
547000	30994.3	-16637.5	0
548000	17144.6	-16068.6	0
549000	1587.2	-16469.7	0
550000	-14083.8	-17740.9	0
551000	-28336.3	-19613.9	0
552000	-39845.8	-21712.9	0
553000	-47598.9	-23632.3	0
554000	-50953.8	-25012.7	0
555000	-49666.1	-25603.2	0
556000	-43889.2	-25302.6	0
557000	-34154.2	-24174.4	0
558000	-21332.2	-22434.1	0
559000	-6576.29	-20411.2	0
560000	8762.44	-18490	0
561000	23246.6	-17038	0
562000	35488.4	-16334	0
563000	44296.1	-16511.7	0
564000	48811.5	-17530.6	0
565000	48610.5	-19184.5	0
566000	43749.5	-21145	0
567000	34747.5	-23029.9	0
568000	22511.8	-24481	0
569000	8224.52	-25232.7	0
570000	-6788.28	-25157.5	0
571000	-21185.1	-24284	0
572000	-33723.2	-22784.3	0
573000	-43351.8	-20938.3	0
574000	-49283.6	-19081.2	0
575000	-51044.7	-17544.4	0
576000	-48503.4	-16598.3	0
577000	-41878.6	-16407.1	0
578000	-31724.8	-17000.5	0
579000	-18894.2	-18268.6	0
580000	-4474.06	-19981	0
581000	10297.5	-21827.4	0
582000	24134.9	-23472.5	0
583000	35818.9	-24617.6	0
584000	44310.5	-25056.1	0
585000	48853.8	-24712.4	0
586000	49052.6	-23655.9	0
587000	44911.4	-22087.3	0
588000	36831.9	-20298.9	0
589000	25566.5	-18618.1	0
590000	12133.8	-17345.4	0
591000	-2290.11	-16700.1	0
592000	-16487.3	-16783.8	0
593000	-29307.9	-17568.1	0
594000	-39759.6	-18905.5	0
595000	-47074	-20559.4	0
596000	-50746.1	-22247.8	0
597000	-50552.5	-23690	0
598000	-46551.3	-24651.4	0
599000	-39068.5	-24979.1	0
600000	-28673.8	-24624.6	0
601000	-16145	-23650.5	0
602000	-2422.59	-22220.8	0
603000	11450.6	-20574.9	0
604000	24401.9	-18989.2	0
605000	35412.7	-17730.3	0
606000	43606.8	-17009.8	0
607000	48332.5	-16946.2	0
608000	49225.5	-17544.2	0
609000	46243	-18695	0
610000	39662.1	-20197.2	0
611000	30043.8	-21794.6	0
612000	18170.8	-23221.8	0
613000	4969.73	-24248.9	0
614000	-8570.04	-24717.6	0
615000	-21472.7	-24563.2	0
616000	-32841.4	-23820.6	0
617000	-41910.2	-22614.7	0
618000	-48084.8	-21139	0
619000	-50970.6	-19624.5	0
620000	-50391.2	-18304.6	0
621000	-46395.9	-17380.3	0
622000	-39257.1	-16991.1	0
623000	-29456.3	-17193.6	0
624000	-17657.4	-17953.6	0
625000	-4666.98	-19150.6	0
626000	8616.43	-20596.2	0
627000	21263.4	-22063.2	0
628000	32380.4	-23321.5	0
629000	41176.4	-24174.2	0
630000	47025.8	-24489.9	0
631000	49517.7	-24223.1	0
632000	48489.6	-23421.5	0
633000	44039.1	-22217	0
634000	36512.5	-20803.1	0
635000	26472.1	-19402.7	0
636000	14645.4	-18231.6	0
637000	1862.98	-17464.9	0
638000	-11007.7	-17211.4	0
639000	-23125.8	-17499.9	0
640000	-33732.5	-18277.8	0
641000	-42193.2	-19423	0
642000	-48027.8	-20763.7	0
643000	-50928	-22105.2	0
644000	-50763.4	-23257.1	0
645000	-47579.4	-24059.4	0
646000	-41589.4	-24403.4	0
647000	-33159.8	-24245.3	0
648000	-22792.3	-23611.4	0
649000	-11099.4	-22594	0
650000	1224.89	-21338.9	0
651000	13441.5	-20025.4	0
652000	24808.4	-18840.8	0
653000	34626.8	-17953.9	0
654000	42289.5	-17490	0
655000	47324.2	-17512.6	0
656000	49429	-18013.7	0
657000	48494	-18916	0
658000	44606.1	-20085.5	0
659000	38038.1	-21352.4	0
660000	29222.1	-22536.8	0
661000	18713.1	-23474.9	0
662000	7147.55	-24041.2	0
663000	-4800.2	-24164.8	0
664000	-16458	-23836	0
665000	-27191.5	-23106.1	0
666000	-36434.8	-22077.8	0
667000	-43714.1	-20890.8	0
668000	-48666.2	-19702.2	0
669000	-51052.4	-18667	0
670000	-50766.2	-17918	0
671000	-47836.1	-17549.3	0
672000	-42424	-17605.3	0
673000	-34816.9	-18075.3	0
674000	-25413.8	-18895.5	0
675000	-14707.4	-19957	0
676000	-3259.97	-21120.2	0
677000	8324.52	-22233.3	0
678000	19431.5	-23151.2	0
679000	29468.8	-23755.3	0
680000	37899.9	-23969	0
681000	44274.8	-23767.3	0
682000	48257.3	-23180.4	0
683000	49644.7	-22289.2	0
684000	48380.6	-21213.8	0
685000	44556.5	-20096.7	0
686000	38404.1	-19083.7	0
687000	30277.6	-18304.2	0
688000	20628.1	-17854.2	0
689000	9972.92	-17785.5	0
690000	-1137.18	-18100.2	0
691000	-12150.2	-18752.5	0
692000	-22541.7	-19656.4	0
693000	-31838.4	-20697.8	0
694000	-39636.5	-21749.9	0
695000	-45614	-22687.6	0
696000	-49538.5	-23403	0
697000	-51270.3	-23815.9	0
698000	-50762.9	-23882.7	0
699000	-48060.9	-23600.1	0
700000	-43296.2	-23004.4	0
701000	-36682.1	-22166.9	0
702000	-28506.4	-21186	0
703000	-19121.1	-20175.4	0
704000	-8930.77	-19251.8	0
705000	1622.75	-18521.3	0
706000	12077.8	-18067.3	0
707000	21973.3	-17940.7	0
708000	30870	-18153.7	0
709000	38372.2	-18678.8	0
710000	44148.1	-19451.7	0
711000	47946.9	-20379.9	0
712000	49610.7	-21353.3	0
713000	49082.3	-22258.1	0
714000	46405.6	-22990.3	0
715000	41720.6	-23467.6	0
716000	35254.3	-23638.7	0
717000	27305.9	-23488.4	0
718000	18230.7	-23038.1	0
719000	8421.7	-22342.5	0
720000	-1708.97	-21482.4	0
721000	-11748.3	-20554.8	0
722000	-21299	-19662.2	0
723000	-29994.8	-18900.5	0
724000	-37512.8	-18350	0
725000	-43584	-18066.1	0
726000	-48000.5	-18075.4	0
727000	-50620.7	-18372.7	0
728000	-51371.2	-18923.1	0
729000	-50247.4	-19666.1	0
730000	-47310.6	-20522.3	0
731000	-42684.3	-21401.9	0
732000	-36548.7	-22214.2	0
733000	-29133.9	-22876.6	0
734000	-20711.5	-23322.7	0
735000	-11586.2	-23509	0
736000	-2085.3	-23418.9	0
737000	7451.32	-23064.3	0
738000	16683.2	-22484	0
739000	25280.8	-21739.7	0
740000	32937.8	-20909.3	0
741000	39383	-20079	0
742000	44390.8	-19334.3	0
743000	47790.6	-18750.6	0
744000	49473.6	-18386	0
745000	49396.9	-18274.9	0
746000	47583.8	-18425.5	0
747000	44121.4	-18818.8	0
748000	39154.6	-19411.9	0
749000	32878	-20142.5	0
750000	25525.9	-20936.3	0
751000	17361.2	-21714.7	0
752000	8664.25	-22402.3	0
753000	-277.734	-22934.5	0
754000	-9180.45	-23263.3	0
755000	-17771.1	-23360.7	0
756000	-25795.4	-23221.3	0
757000	-33023.9	-22861.4	0
758000	-39256.4	-22317.3	0
759000	-44326.1	-21641.1	0
760000	-48101.9	-20896	0
761000	-50491.2	-20150.2	0
762000	-51440.2	-19470.9	0
763000	-50935.4	-18918.1	0
764000	-49002.6	-18540	0
765000	-45705.9	-18368.5	0
766000	-41146.3	-18416.6	0
767000	-35458.1	-18677.9	0
768000	-28805.6	-19127.1	0
769000	-21378.8	-19722.5	0
770000	-13387.9	-20409.7	0
771000	-5057.68	-21127.1	0
772000	3378.94	-21810.7	0
773000	11687.1	-22400.3	0
774000	19637	-22844.9	0
775000	27009.9	-23106.4	0
776000	33605.1	-23163.8	0
777000	39245.3	-23014.2	0
778000	43781.9	-22673.2	0
779000	47099.1	-22172.9	0
780000	49117.5	-21559.1	0
781000	49795.8	-20887.1	0
782000	49131.7	-20216.3	0
783000	47161	-19604.8	0
784000	43955.4	-19104.7	0
785000	39619.3	-18757.3	0
786000	34285.3	-18589.9	0
787000	28108.8	-18613.9	0
788000	21262.1	-18824.3	0
789000	13928.6	-19200.6	0
790000	6296.85	-19709.1	0
791000	-1445.13	-20306.2	0
792000	-9114.36	-20942.2	0
793000	-16537.3	-21565.8	0
794000	-23553.2	-22127.8	0
795000	-30016.6	-22585.3	0
796000	-35799.5	-22904.3	0
797000	-40792.6	-23062.5	0
798000	-44906.1	-23050	0
799000	-48070	-22870.4	0
800000	-50234.9	-22539.4	0
801000	-51371.1	-22083.9	0
802000	-51469.1	-21539.5	0
803000	-50538.7	-20947.6	0
804000	-48608.8	-20352.8	0
805000	-45726.4	-19798.9	0
806000	-41955.9	-19326.3	0
807000	-37377.6	-18968.9	0
808000	-32086.5	-18751.7	0
809000	-26190.4	-18689.2	0
810000	-19808.2	-18784.2	0
811000	-13067.1	-19028.1	0
812000	-6100.59	-19401.6	0
813000	954.495	-19875.8	0
814000	7960.63	-20415.2	0
815000	14782.4	-20979.6	0
816000	21289.5	-21527.8	0
817000	27359.1	-22020	0
818000	32878.3	-22421.3	0
819000	37746.7	-22703.7	0
820000	41878.1	-22848.2	0
821000	45202.1	-22846.2	0
822000	47665.4	-22699.5	0
823000	49232.3	-22420.6	0
824000	49885.6	-22031.1	0
825000	49626.1	-21560	0
826000	48472.3	-21041.8	0
827000	46459.5	-20513.4	0
828000	43638.3	-20011.9	0
829000	40073.4	-19571.7	0
830000	35841.1	-19222.3	0
831000	31027.5	-18986.1	0
832000	25726.2	-18877.5	0
833000	20036.1	-18901.6	0
834000	14058.7	-19054.8	0
835000	7896.24	-19324.9	0
836000	1649.73	-19692.3	0
837000	-4582.94	-20131.4	0
838000	-10708.5	-20613	0
839000	-16639.4	-21105.5	0
840000	-22294.9	-21577.8	0
841000	-27601.9	-22000.7	0
842000	-32495	-22348.5	0
843000	-36917.1	-22601.2	0
844000	-40819.7	-22744.8	0
845000	-44162.6	-22772.1	0
846000	-46913.6	-22683.3	0
847000	-49049.2	-22485.3	0
848000	-50553.5	-22191.4	0
849000	-51418.5	-21820.2	0
850000	-51643.9	-21394.6	0
851000	-51236.5	-20940.2	0
852000	-50210.2	-20483.8	0
853000	-48585.9	-20051.8	0
854000	-46390.6	-19668.9	0
855000	-43657.5	-19356.5	0
856000	-40425.4	-19131.7	0
857000	-36738.2	-19006.2	0
858000	-32644.3	-18986	0
859000	-28196.1	-19070.8	0
860000	-23449.3	-19254.6	0
861000	-18462.1	-19525.7	0
862000	-13294.5	-19867.6	0
863000	-8007.58	-20260.3	0
864000	-2662.66	-20681	0
865000	2679.45	-21105.8	0
866000	7959.19	-21511.1	0
867000	13119	-21874.6	0
868000	18103.8	-22176.7	0
869000	22861.9	-22401.6	0
870000	27345.3	-22538.1	0
871000	31510.4	-22579.8	0
872000	35318	-22525.9	0
873000	38734.1	-22380.7	0
874000	41729.9	-22153.2	0
875000	44282	-21857	0
876000	46372.7	-21508.8	0
877000	47989.7	-21128.1	0
878000	49126.2	-20735.5	0
879000	49781.1	-20351.7	0
880000	49958.2	-19997	0
881000	49666.4	-19689.1	0
882000	48919	-19443.4	0
883000	47733.8	-19271.5	0
884000	46132	-19181	0
885000	44138.5	-19175.3	0
886000	41780.8	-19253.1	0
887000	39088.6	-19409.3	0
888000	36093.6	-19634.9	0
889000	32828.9	-19917.7	0
890000	29328.1	-20242.9	0
891000	25625.6	-20594.2	0
892000	21755.7	-20954.1	0
893000	17752.5	-21305.6	0
894000	13649.3	-21632.1	0
895000	9478.99	-21918.6	0
896000	5272.98	-22152.6	0
897000	1061.68	-22324	0
898000	-3125.87	-22425.9	0
899000	-7262.11	-22454.7	0
900000	-11321	-22410.3	0
901000	-15278.2	-22295.6	0
902000	-19110.8	-22116.8	0
903000	-22797.9	-21882.8	0
904000	-26320	-21604.4	0
905000	-29659.7	-21294.6	0
906000	-32801.2	-20967.1	0
907000	-35730.5	-20636.3	0
908000	-38435.4	-20316.4	0
909000	-40905.7	-20020.8	0
910000	-43132.8	-19761.6	0
911000	-45110.2	-19549.2	0
912000	-46832.9	-19391.7	0
913000	-48297.9	-19294.9	0
914000	-49503.9	-19261.9	0
915000	-50451.2	-19293	0
916000	-51141.8	-19386	0
917000	-51579.1	-19536.3	0
918000	-51768	-19736.8	0
919000	-51714.7	-19978.9	0
920000	-51426.5	-20252.4	0
921000	-50911.8	-20545.9	0
922000	-50179.9	-20847.8	0
923000	-49241	-21146.3	0
924000	-48105.8	-21429.9	0
925000	-46785.6	-21688	0
926000	-45292	-21911.4	0
927000	-43637	-22092.3	0
928000	-41832.7	-22224.6	0
929000	-39891.2	-22304.2	0
930000	-37824.9	-22329.2	0
931000	-35645.8	-22299.5	0
932000	-33365.7	-22217.2	0
933000	-30996.5	-22086.2	0
934000	-28549.6	-21911.9	0
935000	-26036.1	-21701.3	0
936000	-23467	-21462.5	0
937000	-20852.7	-21204.4	0
938000	-18203.4	-20936.3	0
939000	-15528.8	-20667.7	0
940000	-12838.3	-20407.8	0
941000	-10140.9	-20165.5	0
942000	-7445.2	-19948.7	0
943000	-4759.42	-19764.4	0
944000	-2091.32	-19618.1	0
945000	551.701	-19514.3	0
946000	3162.67	-19455.6	0
947000	5735.02	-19443.3	0
948000	8262.59	-19477.1	0
949000	10739.6	-19554.9	0
950000	13160.9	-19673.7	0
951000	15521.4	-19828.9	0
952000	17816.7	-20014.8	0
953000	20042.7	-20225.1	0
954000	22195.9	-20452.7	0
955000	24273	-20690	0
956000	26271.3	-20929.5	0
957000	28188.3	-21163.7	0
958000	30022.2	-21385.3	0
959000	31771.5	-21587.9	0
960000	33434.8	-21765.4	0
961000	35011.7	-21913	0
962000	36501.5	-22026.8	0
963000	37904.4	-22103.8	0
964000	39220.7	-22142.5	0
965000	40451.1	-22142.3	0
966000	41596.6	-22104.1	0
967000	42658.3	-22029.5	0
968000	43638.1	-21921.3	0
969000	44537.5	-21783.4	0
970000	45358.8	-21620	0
971000	46104.1	-21436.4	0
972000	46775.9	-21238	0
973000	47376.9	-21030.6	0
974000	47909.8	-20820	0
975000	48377.4	-20612.1	0
976000	48782.7	-20412.3	0
977000	49128.8	-20226	0
978000	49418.7	-20057.7	0
979000	49655.4	-19911.6	0
980000	49842.1	-19791.1	0
981000	49981.8	-19698.7	0
982000	50077.6	-19636.3	0
983000	50132.4	-19604.9	0
984000	50149.1	-19604.7	0
985000	50130.6	-19635	0
986000	50079.7	-19694.7	0
987000	49999	-19781.5	0
988000	49891	-19893	0
989000	49758.3	-20025.9	0
990000	49603.1	-20176.8	0
991000	49427.8	-20341.6	0
992000	49234.5	-20516.3	0
993000	49025.2	-20696.6	0
994000	48802	-20878.3	0
995000	48566.6	-21057.1	0
996000	48320.9	-21229.2	0
997000	48066.6	-21390.8	0
998000	47805.3	-21538.4	0
999000	47538.6	-21669.1	0
1e+06	47268	-21780.3	0
