[2](70320.4,-26352.8)
[2](0,-35295.7)
[2](-70320.4,-17895.9)
[2](0,-23969)
[2](25215.7,26352.8)
[2](0,-25175.7)
[2](-25215.7,17895.9)
[2](0,-17096.6)

[2](-9.98834e-10,-31770.7)
[2](0,-44748.5)
[2](-2.61674e-10,-10590.2)
[2](0,-14916.2)
[2](9.98834e-10,31770.7)
[2](0,-32041)
[2](2.61674e-10,10590.2)
[2](0,-10680.3)

[2](5.33877e-10,-28518.4)
[2](0,-44645.5)
[2](2.79246e-10,-9506.13)
[2](0,-14881.8)
[2](-5.33877e-10,28518.4)
[2](0,-28731.8)
[2](-2.79246e-10,9506.13)
[2](0,-9577.27)


[2](-58930.8,-61726.2)
[2](0,-45833.2)
[2](58930.8,-20925.4)
[2](0,-15537.6)
[2](-19913.4,61726.2)
[2](0,-30350.5)
[2](19913.4,20925.4)
[2](0,-10288.9)

[2](-58930.8,-61726.2)
[2](0,-45833.2)
[2](58930.8,-20925.4)
[2](0,-15537.6)
[2](-19913.4,61726.2)
[2](0,-30350.5)
[2](19913.4,20925.4)
[2](0,-10288.9)

[2](-58930.8,-61726.2)
[2](0,-45833.2)
[2](58930.8,-20925.4)
[2](0,-15537.6)
[2](-19913.4,61726.2)
[2](0,-30350.5)
[2](19913.4,20925.4)
[2](0,-10288.9)



[2](-75000,-75000)
[2](0,-45424.7)
[2](75000,-25000)
[2](0,-15141.6)
[2](-25000,75000)
[2](0,-29575.3)
[2](25000,25000)
[2](0,-9858.44)

[2](0,-75000)
[2](0,-45424.7)
[2](0,-25000)
[2](0,-15141.6)
[2](0,75000)
[2](0,-29575.3)
[2](0,25000)
[2](0,-9858.44)

[2](0,0)
[2](0,-45424.7)
[2](0,0)
[2](0,-15141.6)
[2](0,0)
[2](0,-29575.3)
[2](0,0)
[2](0,-9858.44)


