0	0	0	
0	-100000	-100000	0
1000	-97828.4	-98063.7	0
2000	-91399.5	-92338.2	0
3000	-80982.4	-83083.6	0
4000	-67020.8	-70727.9	0
5000	-50123.2	-55857.1	0
6000	-31047.8	-39200	0
7000	-10679.9	-21604.3	0
8000	10001.7	-4003.02	0
9000	29967.3	12628.2	0
10000	48190.7	27325.4	0
11000	63710	39196.5	0
12000	75693.1	47485.2	0
13000	83498.6	51630.2	0
14000	86726.2	51312.8	0
15000	85248.5	46486.4	0
16000	79220.7	37382.4	0
17000	69064.4	24492.2	0
18000	55431	8527.48	0
19000	39147.9	-9635.02	0
20000	21156.3	-29016.5	0
21000	2448	-48599.9	0
22000	-15993.7	-67389	0
23000	-33244.3	-84457.1	0
24000	-48477.7	-98986.8	0
25000	-60996	-110298	0
26000	-70250.1	-117869	0
27000	-75852.8	-121347	0
28000	-77586.8	-120556	0
29000	-75408.5	-115502	0
30000	-69448.3	-106368	0
31000	-60008.1	-93519.1	0
32000	-47554.4	-77488	0
33000	-32707.7	-58967.5	0
34000	-16223.5	-38790.2	0
35000	1033.58	-17901.6	0
36000	18126.4	2678.25	0
37000	34091.9	21903.2	0
38000	47996.7	38759.2	0
39000	58998.7	52329.2	0
40000	66408.6	61857.3	0
41000	69745.2	66807.7	0
42000	68776.7	66908.3	0
43000	63540.7	62172.8	0
44000	54342.4	52899.5	0
45000	41728.6	39645	0
46000	26442.4	23178.3	0
47000	9366.29	4420.93	0
48000	-8540.64	-15617.8	0
49000	-26303.6	-35904.2	0
50000	-42986.4	-55437.5	0
51000	-57735.8	-73296	0
52000	-69815.9	-88673.6	0
53000	-78633	-100906	0
54000	-83751.7	-109488	0
55000	-84905.2	-114083	0
56000	-82001.3	-114534	0
57000	-75123.7	-110860	0
58000	-64531.5	-103258	0
59000	-50654.6	-92100.3	0
60000	-34084.7	-77924.7	0
61000	-15561.6	-61421.5	0
62000	4049.83	-43412.1	0
63000	23790.4	-24819.3	0
64000	42649.1	-6625.86	0
65000	59615.1	10175.9	0
66000	73738.7	24643.6	0
67000	84195.4	35948.5	0
68000	90348.4	43437	0
69000	91800.1	46682.5	0
70000	88427.1	45520.9	0
71000	80391.5	40063.9	0
72000	68128.4	30687.8	0
73000	52310.5	18000.5	0
74000	33794.9	2790.85	0
75000	13560.6	-14031.9	0
76000	-7356.56	-31501.1	0
77000	-27924.6	-48652	0
78000	-47168.1	-64573.6	0
79000	-64210.4	-78449.3	0
80000	-78304.2	-89588.1	0
81000	-88854.3	-97446.5	0
82000	-95431.6	-101642	0
83000	-97781.1	-101964	0
84000	-95827	-98372.4	0
85000	-89673.4	-91006	0
86000	-79601.9	-80174.3	0
87000	-66067.1	-66354.2	0
88000	-49685.8	-50178.4	0
89000	-31221.3	-32418.7	0
90000	-11558.4	-13959.7	0
91000	8330.19	4236.07	0
92000	27429.2	21174.3	0
93000	44735.3	35884.6	0
94000	59318.7	47483	0
95000	70387.8	55235.1	0
96000	77347.6	58615.5	0
97000	79847.6	57351.9	0
98000	77809.2	51451.3	0
99000	71430.4	41201.2	0
100000	61167	27146.9	0
