0	0	0	
0	-0	-0	0
1000	-175.698	-410.886	0
2000	-691.373	-1627.88	0
3000	-1512.36	-3602.28	0
4000	-2583.06	-6255.49	0
5000	-3830.07	-9482.69	0
6000	-5166.31	-13157.7	0
7000	-6495.8	-17138.7	0
8000	-7718.93	-21274.4	0
9000	-8737.91	-25410.8	0
10000	-9462	-29397.4	0
11000	-9812.45	-33093.4	0
12000	-9726.79	-36373	0
13000	-9162.42	-39130.4	0
14000	-8099.23	-41283.2	0
15000	-6541.3	-42775.5	0
16000	-4517.46	-43579.3	0
17000	-2080.86	-43694.9	0
18000	692.626	-43150.4	0
19000	3706.97	-42000.1	0
20000	6849.6	-40321.1	0
21000	9995.88	-38210.2	0
22000	13014.3	-35778.9	0
23000	15772.1	-33148.1	0
24000	18141.6	-30442.4	0
25000	20005.8	-27784.6	0
26000	21264.9	-25289.3	0
27000	21840.5	-23057.8	0
28000	21680.8	-21173.4	0
29000	20763.2	-19697.6	0
30000	19096.5	-18667.5	0
31000	16720.6	-18094.8	0
32000	13705.7	-17965.5	0
33000	10149.7	-18242	0
34000	6173.39	-18865.5	0
35000	1916.26	-19760	0
36000	-2470	-20837	0
37000	-6827.71	-22000.6	0
38000	-10999.8	-23152.8	0
39000	-14836	-24199.3	0
40000	-18199.4	-25054	0
41000	-20971.1	-25644.1	0
42000	-23055.1	-25913.3	0
43000	-24381.9	-25825.3	0
44000	-24910.9	-25365.4	0
45000	-24631.7	-24541.6	0
46000	-23564.2	-23384.4	0
47000	-21758	-21945.9	0
48000	-19289.9	-20297.1	0
49000	-16261	-18525.3	0
50000	-12792.5	-16729.5	0
51000	-9020.59	-15016.3	0
52000	-5090.81	-13494.1	0
53000	-1151.96	-12267.5	0
54000	2650.28	-11432.3	0
55000	6179.61	-11069.2	0
56000	9314.92	-11240	0
57000	11955.4	-11982.7	0
58000	14024.8	-13309.2	0
59000	15474.1	-15203.7	0
60000	16283.3	-17622	0
61000	16461	-20493.8	0
62000	16043.6	-23724.3	0
63000	15092.1	-27199	0
64000	13688.4	-30788.3	0
65000	11930.3	-34353	0
66000	9926.42	-37750.8	0
67000	7790.39	-40842.4	0
68000	5635.07	-43497.5	0
69000	3567.22	-45600.5	0
70000	1682.57	-47055.6	0
71000	61.5924	-47790.7	0
72000	-1233.88	-47760.9	0
73000	-2163.08	-46950.1	0
74000	-2707.7	-45372.7	0
75000	-2872.25	-43072.5	0
76000	-2683.34	-40122.2	0
77000	-2187.97	-36620.2	0
78000	-1450.79	-32687.6	0
79000	-550.522	-28463.3	0
80000	424.34	-24098.5	0
81000	1380.43	-19751.3	0
82000	2224.72	-15579.5	0
83000	2869.85	-11734.6	0
84000	3239.26	-8354.69	0
85000	3271.87	-5559.33	0
86000	2925.95	-3443.7	0
87000	2182.07	-2074.82	0
88000	1044.76	-1488.76	0
89000	-457.023	-1689.37	0
90000	-2270.94	-2648.62	0
91000	-4323.49	-4308.33	0
92000	-6523.5	-6583.5	0
93000	-8766.51	-9366.62	0
94000	-10939.9	-12533	0
95000	-12928.6	-15946.9	0
96000	-14620.4	-19467.5	0
97000	-15911.9	-22955.2	0
98000	-16713.5	-26277.7	0
99000	-16953.6	-29315.2	0
100000	-16583	-31965.2	0
