0.1525	0.0975	0	
0	-0	-0	0
1000	-15.8542	-43.9166	0
2000	-14.1712	-33.1057	0
3000	-5.28933	-9.04857	0
4000	0.0324326	0.0418563	0
5000	-4.85008	-5.4797	0
6000	-4.6829	-5.17784	0
7000	-18.6845	-20.1629	0
8000	-42.7257	-51.7472	0
9000	-55.286	-74.9963	0
10000	-71.0705	-94.7846	0
11000	-73.1503	-99.1833	0
12000	-86.1169	-118.176	0
13000	-100.486	-145.864	0
14000	-114.941	-183.626	0
15000	-116.56	-188.914	0
16000	-111.7	-184.413	0
17000	-104.725	-176.792	0
18000	-79.7491	-136.094	0
19000	-74.3727	-128.371	0
20000	-104.154	-177.867	0
21000	-111.441	-189.337	0
22000	-92.7208	-163.01	0
23000	-85.6477	-153.569	0
24000	-82.3996	-146.406	0
25000	-79.4559	-141.111	0
26000	-83.6429	-149.021	0
27000	-79.8211	-142.891	0
28000	-72.8532	-131.605	0
29000	-77.8202	-142.141	0
30000	-84.5955	-156.489	0
31000	-74.0247	-138.472	0
32000	-52.9511	-99.8228	0
33000	-53.9268	-102.455	0
34000	-78.0154	-148.855	0
35000	-81.7208	-155.985	0
36000	-64.6106	-123.856	0
37000	-47.2889	-90.9321	0
38000	-38.095	-72.9581	0
39000	-40.8936	-78.2005	0
40000	-50.4239	-96.8341	0
41000	-56.7268	-109.895	0
42000	-71.2818	-139.183	0
43000	-84.9889	-166.556	0
44000	-76.4025	-150.133	0
45000	-70.5077	-139.789	0
46000	-48.2589	-97.6564	0
47000	-15.8104	-31.7845	0
48000	-17.0342	-33.7573	0
49000	0.697476	1.41417	0
50000	0.754939	1.54746	0
51000	-0.102428	-0.206453	0
52000	-0.0760585	-0.152818	0
53000	0.0345799	0.0701635	0
54000	0.0339557	0.0683046	0
55000	-0.184592	-1.1232	0
56000	0.524028	1.06388	0
57000	-0.331956	-0.665722	0
58000	0.331062	0.670485	0
59000	0.0114487	0.0235553	0
60000	0.161471	0.327004	0
61000	-0.314812	-0.637732	0
62000	0.164412	0.342831	0
63000	0.882092	1.8646	0
64000	-0.0148357	-0.0315427	0
65000	-0.0484718	-0.104966	0
66000	-0.137538	-1.08167	0
67000	0.291282	0.611006	0
68000	-0.0602265	-0.126533	0
69000	0.323777	0.680866	0
70000	0.91647	1.8924	0
71000	0.57494	1.19285	0
72000	-0.186901	-0.400562	0
73000	0.0205073	0.0438299	0
74000	-0.0841104	-0.178206	0
75000	0.0975621	0.201855	0
76000	-0.0229422	-0.0470497	0
77000	-0.149046	-0.918708	0
78000	0.813811	1.5798	0
79000	0.0549602	0.104058	0
80000	0.0647786	0.121229	0
81000	-0.119632	-0.519532	0
82000	0.276232	0.496183	0
83000	0.375917	0.675855	0
84000	0.43565	0.784711	0
85000	0.567354	1.02364	0
86000	-0.385067	-1.59873	0
87000	0.527896	0.951812	0
88000	0.829817	1.4866	0
89000	1.12123	1.97469	0
90000	1.42464	2.46996	0
91000	1.53134	2.62493	0
92000	0.0918759	0.315794	0
93000	-0.594942	-1.93988	0
94000	-0.408466	-1.19775	0
95000	0.494316	1.14978	0
96000	-27.4053	-63.8886	0
97000	-45.0825	-105.102	0
98000	-58.438	-136.866	0
99000	-1.2176	-2.84209	0
100000	-3.74575	-8.71737	0
101000	-18.8881	-44.2223	0
102000	-9.1085	-21.2723	0
103000	-27.5732	-63.8411	0
104000	-27.129	-62.6333	0
105000	-32.3922	-74.9591	0
106000	0.309408	0.714446	0
107000	0.890362	2.04137	0
108000	-0.89156	-2.02498	0
109000	-22.8452	-51.3806	0
110000	-47.5123	-106.641	0
111000	-52.7196	-118.785	0
112000	-33.1873	-74.7478	0
113000	-27.6838	-62.1624	0
114000	-49.4404	-111.284	0
115000	-48.98	-110.922	0
116000	-39.176	-89.1117	0
117000	-52.836	-120.69	0
118000	-74.3721	-171.087	0
119000	-67.8184	-156.35	0
120000	-14.1458	-32.4627	0
121000	1.45517	3.33444	0
122000	-23.7563	-54.5148	0
123000	-11.2895	-25.7278	0
124000	-0.187586	-0.422793	0
125000	-20.0349	-44.8056	0
126000	-35.4569	-78.9363	0
127000	1.36302	3.08356	0
128000	-0.809938	-1.84878	0
129000	-0.108794	-0.250833	0
130000	1.09071	2.52061	0
131000	-0.52795	-1.2261	0
132000	0.269387	0.632674	0
133000	0.343612	0.81361	0
134000	0.00176187	0.00417299	0
135000	-0.207248	-2.8535	0
136000	-0.0706516	-0.167143	0
137000	0.185813	0.437294	0
138000	1.39059	3.22823	0
139000	0.978684	2.24568	0
140000	-0.161276	-0.363547	0
141000	-0.296153	-2.83956	0
142000	-0.13799	-0.30318	0
143000	-0.339788	-0.740918	0
144000	-0.809128	-1.76548	0
145000	0.947204	2.06363	0
146000	1.52511	3.32161	0
147000	-0.177059	-0.383975	0
148000	1.31327	2.83707	0
149000	0.331415	0.716893	0
150000	-0.430851	-3.33523	0
151000	0.679617	1.44219	0
152000	-0.835324	-1.77477	0
153000	-0.87831	-1.86799	0
154000	2.10211	4.44563	0
155000	0.145868	0.303013	0
156000	1.21728	2.49454	0
157000	1.83604	3.80609	0
158000	-0.00767925	-0.0159688	0
159000	2.63084	5.50905	0
160000	0.224005	0.480362	0
161000	-0.489498	-1.04506	0
162000	-0.325633	-0.68954	0
163000	-0.55956	-1.17809	0
164000	2.78761	5.85114	0
165000	0.469148	0.984036	0
166000	-0.364978	-2.55401	0
167000	1.62841	3.37246	0
168000	-0.404484	-2.71621	0
169000	0.314371	0.649394	0
170000	1.57904	3.2637	0
171000	-0.393735	-0.815375	0
172000	0.0124496	0.0257493	0
173000	0.913673	1.9196	0
174000	1.43021	3.05049	0
175000	2.12957	4.56244	0
176000	0.147097	0.313299	0
177000	-0.666576	-1.42007	0
178000	1.37893	2.92723	0
179000	-0.224291	-0.472632	0
180000	1.3613	2.87278	0
181000	1.12818	2.38702	0
182000	-0.398993	-2.87571	0
183000	-0.575343	-1.1974	0
184000	0.98551	2.03391	0
185000	-0.459427	-2.96137	0
186000	-0.0550863	-0.112881	0
187000	0.739003	1.51486	0
188000	1.68026	3.43072	0
189000	-0.636284	-1.301	0
190000	0.0199408	0.0410213	0
191000	0.710802	1.46315	0
192000	-8.81684	-18.1395	0
193000	-51.1679	-105.124	0
194000	-42.1561	-86.7459	0
195000	-22.7764	-47.2051	0
196000	-43.8057	-91.4488	0
197000	-48.1715	-101.043	0
198000	-17.4964	-36.8677	0
199000	-27.9781	-59.433	0
200000	-65.5211	-140.986	0
201000	-67.5955	-147.738	0
202000	-66.2283	-147.126	0
203000	-96.8518	-219.315	0
204000	-147.468	-343.386	0
205000	-156.833	-373.983	0
206000	-101.066	-245.981	0
207000	-84.4147	-208.706	0
208000	-117.451	-294.2	0
209000	-139.632	-354.839	0
210000	-202.51	-526.606	0
211000	-188.682	-497.177	0
212000	-39.4192	-104.464	0
213000	-0.240796	-0.63788	0
214000	0.961812	2.55568	0
215000	0.556512	1.48652	0
216000	1.83029	4.90016	0
217000	1.36281	3.65673	0
218000	0.371279	0.999239	0
219000	-4.76223	-12.8411	0
220000	-24.7005	-66.7494	0
221000	-6.98683	-18.9443	0
222000	1.50275	4.08687	0
223000	1.4768	4.02389	0
224000	-0.560103	-1.52804	0
225000	0.110126	0.300814	0
226000	-0.0176338	-3.4979	0
227000	1.47037	4.03174	0
228000	-0.143079	-0.392473	0
229000	0.60272	1.6536	0
230000	1.81639	4.98438	0
231000	-0.0113487	-2.69061	0
232000	1.42095	3.89136	0
233000	-0.18031	-0.493557	0
234000	-2.43881	-5.95994	0
235000	-173.081	-419.797	0
236000	-216.676	-527.879	0
237000	-155.348	-386.107	0
238000	-91.7788	-228.087	0
239000	-32.8984	-81.1054	0
240000	-89.4261	-226.945	0
241000	-250.817	-649.817	0
242000	-245.074	-638.898	0
243000	-92.2456	-242.799	0
244000	-14.0533	-37.1803	0
245000	-28.5265	-75.2598	0
246000	-60.299	-158.486	0
247000	-62.0161	-163.476	0
248000	0.807237	2.12778	0
249000	-0.0514348	-1.64634	0
250000	1.15038	2.88412	0
251000	1.39628	3.45622	0
252000	0.970051	2.37038	0
253000	1.45442	3.5061	0
254000	-0.194653	-2.90603	0
255000	0.762478	1.81138	0
256000	1.76684	4.16198	0
257000	1.13638	2.68452	0
258000	1.11902	2.67655	0
259000	1.12412	2.71608	0
260000	1.10365	2.66841	0
261000	1.36549	3.29394	0
262000	2.0102	4.87186	0
263000	1.33969	3.27898	0
264000	1.19432	2.95546	0
265000	1.17001	2.92234	0
266000	-0.0458452	-1.18143	0
267000	-0.0468229	-3.1087	0
268000	0.647144	1.7547	0
269000	1.99928	5.39983	0
270000	1.74517	4.67562	0
271000	-0.0670991	-3.93317	0
272000	1.0594	2.80136	0
273000	1.96736	5.17566	0
274000	-0.0428139	-1.82666	0
275000	0.746858	1.96869	0
276000	0.949513	2.52098	0
277000	0.488335	1.30428	0
278000	0.943684	2.53177	0
279000	0.90567	2.42857	0
280000	0.567496	1.52242	0
281000	0.275139	0.739185	0
282000	-0.0282825	-2.11538	0
283000	1.53033	4.09604	0
284000	1.23438	3.29753	0
285000	1.12583	3.01128	0
286000	1.85156	4.95296	0
287000	-0.0566963	-3.59225	0
288000	-0.607442	-1.62112	0
289000	2.20015	5.8703	0
290000	1.1557	3.07604	0
291000	-6.64162	-17.6695	0
292000	-89.0187	-237.755	0
293000	-50.4628	-135.599	0
294000	-10.8102	-29.1071	0
295000	-52.6323	-141.849	0
296000	-59.4242	-160.92	0
297000	-70.1854	-191.121	0
298000	-20.3762	-55.6019	0
299000	-40.4705	-110.625	0
300000	-86.697	-237.812	0
301000	-20.0236	-55.0674	0
302000	-47.9361	-132.021	0
303000	-52.5456	-144.861	0
304000	-0.521736	-1.43763	0
305000	-60.8528	-167.768	0
306000	-85.6161	-236.521	0
307000	-16.7155	-46.2232	0
308000	-32.2183	-89.118	0
309000	-55.9547	-154.837	0
310000	-33.4952	-92.7393	0
311000	-42.9303	-118.885	0
312000	-51.078	-141.468	0
313000	-45.1728	-125.117	0
314000	-27.9525	-77.4149	0
315000	-16.7635	-46.4289	0
316000	-319.965	-878.67	0
317000	-280.708	-770.56	0
318000	1.45869	4.00386	0
319000	0.553784	1.52438	0
320000	-0.00411601	-1.94302	0
321000	-0.0374741	-0.103371	0
322000	0.399036	1.10208	0
323000	0.249182	0.688339	0
324000	1.21651	3.36252	0
325000	1.23067	3.40549	0
326000	-0.000339287	-2.94579	0
327000	0.847489	2.34714	0
328000	0.181997	0.504086	0
329000	1.42617	3.95023	0
330000	-0.244762	-0.677925	0
331000	0.362538	1.00416	0
332000	-0.269435	-0.746286	0
333000	-3.84478	-10.6493	0
334000	-29.6681	-82.1752	0
335000	-28.0658	-77.7358	0
336000	-1.02855	-2.84874	0
337000	-14.2148	-39.3708	0
338000	-35.909	-99.4583	0
339000	-15.2586	-42.2602	0
340000	-2.7313	-7.56305	0
341000	-19.7137	-54.57	0
342000	-13.4927	-37.3321	0
343000	1.12659	3.11538	0
344000	-4.67876	-12.9318	0
345000	-15.7929	-43.6196	0
346000	-14.3745	-39.6782	0
347000	-13.1458	-36.2799	0
348000	0.426216	1.1766	0
349000	1.51927	4.19363	0
350000	0.708515	1.95443	0
351000	-0.076754	-0.211644	0
352000	-0.334298	-0.921715	0
353000	0.892307	2.4603	0
354000	-0.0595998	-0.164372	0
355000	0.997732	2.75299	0
356000	1.06306	2.93469	0
357000	-43.9108	-121.604	0
358000	-216.909	-600.553	0
359000	-38.2491	-105.916	0
360000	1.41999	3.93123	0
361000	0.611221	1.69239	0
362000	0.343448	0.951041	0
363000	-0.176976	-0.490085	0
364000	1.29481	3.58536	0
365000	0.2383	0.65994	0
366000	0.526228	1.45745	0
367000	0.0375907	0.104096	0
368000	0.866329	2.39901	0
369000	-0.0261098	-0.0723009	0
370000	1.22973	3.40451	0
371000	-0.0322547	-0.089268	0
372000	-13.0409	-36.0737	0
373000	-36.0587	-99.6427	0
374000	-32.6167	-90.0498	0
375000	-20.4954	-56.5322	0
376000	-13.881	-38.2367	0
377000	-12.5923	-34.6515	0
378000	-21.1988	-58.2721	0
379000	-23.6187	-64.8117	0
380000	-28.0675	-76.9225	0
381000	-32.0652	-87.7804	0
382000	-13.6917	-37.4126	0
383000	-5.75179	-15.6931	0
384000	-17.3843	-47.3796	0
385000	-20.0959	-54.6837	0
386000	-20.8482	-56.6632	0
387000	-19.6431	-53.3118	0
388000	-10.3126	-27.9379	0
389000	-11.6566	-31.5289	0
390000	-16.8333	-45.4383	0
391000	-17.6491	-47.5184	0
392000	-24.4871	-65.7736	0
393000	-21.1422	-56.6332	0
394000	-11.718	-31.295	0
395000	-11.7962	-31.4331	0
396000	-13.8981	-36.9442	0
397000	-20.7592	-54.9975	0
398000	-27.0408	-71.4101	0
399000	-20.7186	-54.5763	0
400000	-14.9615	-39.3149	0
401000	-19.9188	-52.1898	0
402000	-27.426	-71.6314	0
403000	-26.7807	-69.7495	0
404000	-26.0194	-67.5508	0
405000	-32.2705	-83.4336	0
406000	-33.1706	-85.4189	0
407000	-33.1162	-84.8877	0
408000	-31.5867	-80.5678	0
409000	-19.0052	-48.306	0
410000	-16.8508	-42.6505	0
411000	-26.7822	-67.555	0
412000	-23.02	-58.0688	0
413000	-12.2545	-30.9154	0
414000	-10.8114	-27.1961	0
415000	-13.3332	-33.3912	0
416000	-17.9316	-44.7654	0
417000	-13.5825	-33.8461	0
418000	-9.44412	-23.4906	0
419000	-16.8275	-41.747	0
420000	-25.7902	-63.7596	0
421000	-23.9093	-58.9195	0
422000	-19.1594	-47.1138	0
423000	-22.7001	-55.6938	0
424000	-27.0164	-66.041	0
425000	-21.8132	-53.1068	0
426000	-13.435	-32.6181	0
427000	-13.5082	-32.7163	0
428000	-18.8712	-45.5342	0
429000	-18.0353	-43.3417	0
430000	-13.6509	-32.7206	0
431000	-15.1868	-36.3211	0
432000	-21.7555	-51.8215	0
433000	-23.7563	-56.2878	0
434000	-20.9265	-49.3817	0
435000	-21.6606	-50.982	0
436000	-25.6149	-60.0775	0
437000	-33.8862	-77.4199	0
438000	-100.547	-209.69	0
439000	-77.7855	-162.364	0
440000	-22.2833	-45.3639	0
441000	-45.5163	-90.5986	0
442000	-56.151	-113.454	0
443000	-44.9818	-90.6945	0
444000	-45.444	-90.6382	0
445000	-49.701	-98.1555	0
446000	-45.6758	-89.5157	0
447000	-41.0179	-79.2717	0
448000	-44.4381	-84.8076	0
449000	-47.6304	-90.1806	0
450000	-47.1461	-88.3668	0
451000	-46.9596	-86.8147	0
452000	-44.425	-81.0132	0
453000	-40.6837	-73.0809	0
454000	-39.5721	-70.069	0
455000	-40.1427	-70.3796	0
456000	-40.5314	-70.1777	0
457000	-40.4287	-68.6055	0
458000	-37.7712	-63.0638	0
459000	-29.9131	-49.5861	0
460000	-23.3227	-38.2704	0
461000	-26.2957	-42.5425	0
462000	-26.9556	-43.0742	0
463000	-21.7818	-34.3761	0
464000	-15.3485	-24.0605	0
465000	-10.6462	-16.6816	0
466000	-8.42593	-13.1612	0
467000	-6.94914	-10.7968	0
468000	-4.37886	-6.73542	0
469000	-3.50281	-5.34294	0
470000	-2.39533	-3.6621	0
471000	-0.129939	-0.199043	0
472000	0.214863	0.329112	0
473000	0.324058	0.496051	0
474000	0.247766	0.378104	0
475000	0.347133	0.527969	0
476000	0.33946	0.513958	0
477000	0.391924	0.607967	0
478000	-4.52908	-7.00546	0
479000	-10.8312	-17.0716	0
480000	-12.0298	-19.4121	0
481000	-9.60988	-15.6543	0
482000	-0.0696573	-0.114026	0
483000	0.0726087	0.120375	0
484000	-0.0892806	-0.148195	0
485000	-0.0200212	-0.0335393	0
486000	0.00102485	0.00172157	0
487000	0.190085	0.320837	0
488000	0.144784	0.245146	0
489000	0.405671	0.687071	0
490000	-3.51278	-5.9719	0
491000	-8.80044	-14.9612	0
492000	-13.7942	-23.4859	0
493000	-18.6901	-31.7319	0
494000	-21.109	-35.7555	0
495000	-18.4603	-31.1707	0
496000	-16.9174	-28.4466	0
497000	-12.2735	-20.5545	0
498000	-11.8372	-19.7609	0
499000	-14.0137	-23.3385	0
500000	-16.3896	-27.2012	0
501000	-17.5235	-29.0515	0
502000	-20.1125	-33.2928	0
503000	-20.1607	-33.3025	0
504000	-16.815	-27.6559	0
505000	-15.4723	-25.332	0
506000	-14.601	-23.8088	0
507000	-14.4783	-23.5378	0
508000	-13.5846	-22.0262	0
509000	-14.7061	-23.835	0
510000	-16.2961	-26.4051	0
511000	-17.4914	-28.2433	0
512000	-15.4263	-24.8479	0
513000	-12.3606	-19.883	0
514000	-11.8151	-19.0297	0
515000	-10.9243	-17.5935	0
516000	-11.1571	-17.9322	0
517000	-10.9487	-17.6006	0
518000	-11.546	-18.5902	0
519000	-12.7341	-20.558	0
520000	-11.0429	-17.8467	0
521000	-11.0992	-17.922	0
522000	-11.6546	-18.8394	0
523000	-9.4353	-15.2609	0
524000	-8.75747	-14.1928	0
525000	-8.65119	-14.06	0
526000	-11.6547	-18.9579	0
527000	-12.2706	-19.9732	0
528000	-9.74711	-15.8743	0
529000	-10.9197	-17.8176	0
530000	-13.2577	-21.6773	0
531000	-13.3887	-21.8769	0
532000	-11.5282	-18.8357	0
533000	-9.77871	-15.9986	0
534000	-11.6943	-19.1683	0
535000	-12.932	-21.2124	0
536000	-12.5836	-20.5974	0
537000	-12.5176	-20.4909	0
538000	-13.2457	-21.7219	0
539000	-15.3164	-25.141	0
540000	-14.9297	-24.4685	0
541000	-13.915	-22.7509	0
542000	-13.5856	-22.2433	0
543000	-13.5957	-22.2851	0
544000	-14.7633	-24.163	0
545000	-14.7653	-24.1087	0
546000	-15.3402	-25.034	0
547000	-15.8394	-25.8974	0
548000	-15.9362	-26.0306	0
549000	-16.5764	-27.0154	0
550000	-15.6972	-25.5665	0
551000	-15.0171	-24.4751	0
552000	-14.3591	-23.4063	0
553000	-14.61	-23.7743	0
554000	-14.8615	-24.1821	0
555000	-13.6653	-22.2442	0
556000	-13.7169	-22.3365	0
557000	-12.9228	-21.0514	0
558000	-12.4094	-20.1924	0
559000	-13.1567	-21.4162	0
560000	-13.7595	-22.4162	0
561000	-14.9406	-24.3412	0
562000	-15.1959	-24.7579	0
563000	-16.5501	-26.9794	0
564000	-17.1647	-28.0121	0
565000	-15.2694	-24.91	0
566000	-13.4198	-21.8934	0
567000	-12.4824	-20.3799	0
568000	-12.1766	-19.875	0
569000	-12.6411	-20.6266	0
570000	-13.163	-21.4854	0
571000	-14.4355	-23.576	0
572000	-16.0047	-26.163	0
573000	-16.6606	-27.2468	0
574000	-15.4925	-25.3354	0
575000	-13.978	-22.852	0
576000	-13.4946	-22.0675	0
577000	-12.7278	-20.8168	0
578000	-12.4955	-20.4252	0
579000	-13.0274	-21.2981	0
580000	-13.8155	-22.5943	0
581000	-15.3223	-25.0647	0
582000	-16.2841	-26.6421	0
583000	-16.347	-26.7475	0
584000	-15.5454	-25.4385	0
585000	-14.887	-24.3533	0
586000	-14.3193	-23.4184	0
587000	-13.2187	-21.6087	0
588000	-12.6641	-20.6934	0
589000	-12.6201	-20.6227	0
590000	-12.9777	-21.1994	0
591000	-13.7571	-22.4629	0
592000	-14.4619	-23.6081	0
593000	-15.071	-24.6009	0
594000	-14.9977	-24.4795	0
595000	-15.2125	-24.8143	0
596000	-15.4278	-25.1535	0
597000	-14.6155	-23.8129	0
598000	-14.047	-22.8773	0
599000	-13.4044	-21.828	0
600000	-13.1825	-21.4484	0
601000	-13.3539	-21.7111	0
602000	-13.4255	-21.8142	0
603000	-13.7964	-22.4127	0
604000	-13.9031	-22.5806	0
605000	-14.451	-23.4494	0
606000	-14.5746	-23.6297	0
607000	-13.9283	-22.5601	0
608000	-13.5369	-21.9162	0
609000	-13.0803	-21.1672	0
610000	-12.9361	-20.9096	0
611000	-12.8993	-20.8284	0
612000	-13.0319	-21.0221	0
613000	-13.7116	-22.1035	0
614000	-14.2501	-22.9488	0
615000	-14.9856	-24.0909	0
616000	-15.2162	-24.4136	0
617000	-15.4345	-24.7065	0
618000	-15.7265	-25.1242	0
619000	-15.3531	-24.486	0
620000	-14.7487	-23.486	0
621000	-14.2781	-22.6805	0
622000	-13.632	-21.5792	0
623000	-13.9302	-21.9385	0
624000	-14.1945	-22.2393	0
625000	-13.4259	-20.9094	0
626000	-13.2753	-20.5475	0
627000	-11.9997	-18.4327	0
628000	-9.98761	-15.2242	0
629000	-7.51364	-11.3828	0
630000	-5.9007	-8.88825	0
631000	-3.81786	-5.72348	0
632000	-2.32851	-3.47907	0
633000	-1.71975	-2.56338	0
634000	-2.31486	-3.44737	0
635000	-2.51823	-3.75201	0
636000	-2.98983	-4.45612	0
637000	-3.78179	-5.64064	0
638000	-4.10874	-6.12416	0
639000	-4.99664	-7.44074	0
640000	-5.34869	-7.95371	0
641000	-5.95791	-8.84017	0
642000	-5.52717	-8.18323	0
643000	-5.23258	-7.72522	0
644000	-4.98928	-7.34276	0
645000	-4.91802	-7.21036	0
646000	-5.19582	-7.59544	0
647000	-5.64992	-8.23428	0
648000	-7.23454	-10.5154	0
649000	-8.02609	-11.6392	0
650000	-9.0953	-13.1508	0
651000	-9.59984	-13.8315	0
652000	-10.0971	-14.492	0
653000	-10.1224	-14.4672	0
654000	-9.56055	-13.6025	0
655000	-8.57088	-12.1433	0
656000	-7.63547	-10.7683	0
657000	-7.223	-10.1382	0
658000	-7.14768	-9.98764	0
659000	-7.53909	-10.4962	0
660000	-7.90941	-10.9741	0
661000	-8.31128	-11.4906	0
662000	-8.15525	-11.2337	0
663000	-8.05021	-11.0509	0
664000	-7.50891	-10.2739	0
665000	-6.76963	-9.22755	0
666000	-5.84572	-7.93705	0
667000	-5.28411	-7.14541	0
668000	-5.36083	-7.21988	0
669000	-5.93276	-7.95736	0
670000	-6.81338	-9.10271	0
671000	-7.63442	-10.1614	0
672000	-8.32531	-11.0398	0
673000	-8.58175	-11.3358	0
674000	-8.56987	-11.2762	0
675000	-8.36489	-10.9649	0
676000	-8.25324	-10.7765	0
677000	-8.19223	-10.6535	0
678000	-8.3153	-10.7695	0
679000	-8.62701	-11.1296	0
680000	-8.66562	-11.1349	0
681000	-8.61218	-11.0193	0
682000	-8.51174	-10.8454	0
683000	-8.14172	-10.3319	0
684000	-8.01612	-10.132	0
685000	-7.73903	-9.74509	0
686000	-7.2036	-9.03798	0
687000	-6.76484	-8.45868	0
688000	-6.36588	-7.93324	0
689000	-6.47994	-8.05089	0
690000	-6.53097	-8.0934	0
691000	-6.56915	-8.11986	0
692000	-6.52577	-8.04356	0
693000	-6.7181	-8.25625	0
694000	-6.82894	-8.36741	0
695000	-6.98254	-8.5297	0
696000	-6.84205	-8.33163	0
697000	-6.69914	-8.12947	0
698000	-6.6117	-7.99518	0
699000	-6.70364	-8.07774	0
700000	-7.07895	-8.50007	0
701000	-7.52583	-9.00605	0
702000	-7.78778	-9.28847	0
703000	-8.05291	-9.57225	0
704000	-8.42128	-9.97694	0
705000	-8.54375	-10.0881	0
706000	-8.573	-10.0879	0
707000	-8.46768	-9.92997	0
708000	-8.30132	-9.70109	0
709000	-8.09946	-9.43224	0
710000	-7.91079	-9.18109	0
711000	-7.70258	-8.91002	0
712000	-7.43275	-8.57027	0
713000	-7.22478	-8.30468	0
714000	-7.08665	-8.12217	0
715000	-6.97655	-7.97284	0
716000	-6.96467	-7.93723	0
717000	-6.95842	-7.90854	0
718000	-7.02599	-7.96421	0
719000	-6.99764	-7.911	0
720000	-7.02927	-7.92562	0
721000	-7.0474	-7.92512	0
722000	-7.07701	-7.93751	0
723000	-7.1122	-7.95615	0
724000	-7.12808	-7.951	0
725000	-7.78473	-8.65919	0
726000	-9.28377	-10.3067	0
727000	-10.2403	-11.3527	0
728000	-10.0655	-11.137	0
729000	-10.0686	-11.1097	0
730000	-10.6279	-11.6969	0
731000	-10.5872	-11.619	0
732000	-10.6377	-11.6384	0
733000	-10.5277	-11.4842	0
734000	-10.7004	-11.6475	0
735000	-10.4933	-11.4017	0
736000	-10.0308	-10.8707	0
737000	-9.69242	-10.4716	0
738000	-9.45638	-10.1907	0
739000	-9.18664	-9.8821	0
740000	-8.47355	-9.0965	0
741000	-7.70493	-8.25604	0
742000	-5.64026	-6.04092	0
743000	-3.97638	-4.26172	0
744000	-3.38983	-3.63391	0
745000	-2.46869	-2.64548	0
746000	-1.48209	-1.58897	0
747000	-2.02763	-2.17588	0
748000	-3.54338	-3.80236	0
749000	-4.44282	-4.76529	0
750000	-4.85181	-5.20388	0
751000	-5.5129	-5.91337	0
752000	-5.92889	-6.3571	0
753000	-5.66472	-6.07237	0
754000	-5.41753	-5.80862	0
755000	-5.49209	-5.88886	0
756000	-5.38862	-5.77694	0
757000	-5.20705	-5.58281	0
758000	-5.266	-5.64617	0
759000	-4.93187	-5.28551	0
760000	-3.80143	-4.07282	0
761000	-2.79942	-3.00022	0
762000	-2.50757	-2.68809	0
763000	-2.27929	-2.4431	0
764000	-2.05487	-2.20307	0
765000	-2.7561	-2.95669	0
766000	-4.28222	-4.59444	0
767000	-5.45628	-5.85177	0
768000	-5.98378	-6.41613	0
769000	-6.35055	-6.80885	0
770000	-6.37024	-6.82752	0
771000	-5.6881	-6.09439	0
772000	-4.75038	-5.08988	0
773000	-4.00053	-4.2868	0
774000	-3.30925	-3.54605	0
775000	-2.80057	-3.00156	0
776000	-2.79591	-2.99725	0
777000	-2.93557	-3.14662	0
778000	-2.77968	-2.97912	0
779000	-2.76488	-2.9639	0
780000	-3.26662	-3.50232	0
781000	-3.74316	-4.0125	0
782000	-3.88744	-4.16687	0
783000	-4.26878	-4.57673	0
784000	-5.03094	-5.39407	0
785000	-5.47944	-5.8731	0
786000	-5.35713	-5.74082	0
787000	-5.08019	-5.44393	0
788000	-4.71712	-5.05415	0
789000	-4.04048	-4.32843	0
790000	-3.25646	-3.48866	0
791000	-2.66083	-2.8508	0
792000	-2.22594	-2.38501	0
793000	-1.97942	-2.12111	0
794000	-2.11917	-2.27137	0
795000	-2.63322	-2.8226	0
796000	-3.11241	-3.33588	0
797000	-3.45496	-3.703	0
798000	-3.99536	-4.28272	0
799000	-4.66195	-4.99687	0
800000	-4.94142	-5.29497	0
