0.211325	0.211325	0	
0	-50000	-50000	0
10000	-47981.8	-50000	0
20000	-45044.5	-50000	0
30000	-45115.5	-50000	0
40000	-48127.1	-50000	0
50000	-50003.6	-50000	0
60000	-42563.6	-50000	0
70000	-17147.6	-50000	0
80000	23260.6	-50000	0
90000	49765.8	-50000	0
100000	23382.1	-50000	0
110000	-37434.3	-50000	0
120000	-36129.4	-50000	0
130000	37820.6	-50000	0
140000	21758	-50000	0
150000	-50133.5	-50000	0
160000	26439.9	-50000	0
170000	12553.9	-50000	0
180000	-39588.4	-50000	0
190000	49222.6	-50000	0
200000	-49692.3	-50000	0
210000	47847.3	-50000	0
220000	-48186.6	-50000	0
230000	49750.3	-50000	0
240000	-48887.7	-50000	0
250000	36964.9	-50000	0
260000	-8205.86	-50000	0
270000	-31499.5	-50000	0
280000	49803.2	-50000	0
290000	-14898.9	-50000	0
300000	-43211.7	-50000	0
310000	28699.7	-50000	0
320000	43415.3	-50000	0
330000	-13413.7	-50000	0
340000	-49720.7	-50000	0
350000	-33871.8	-50000	0
360000	4108.54	-50000	0
370000	33843.1	-50000	0
380000	47357.2	-50000	0
390000	50170.3	-50000	0
400000	49555.2	-50000	0
410000	49564	-50000	0
420000	50192.9	-50000	0
430000	47384	-50000	0
440000	33863.8	-50000	0
450000	4118.27	-50000	0
460000	-33890	-50000	0
470000	-49838.3	-50000	0
480000	-13673.4	-50000	0
490000	43333.3	-50000	0
500000	29253	-50000	0
510000	-42927.4	-50000	0
520000	-16008.1	-50000	0
530000	50126.8	-50000	0
540000	-30143.9	-50000	0
550000	-10567.3	-50000	0
560000	39049.3	-50000	0
570000	-49827.2	-50000	0
580000	49364	-50000	0
590000	-46780.2	-50000	0
600000	46030	-50000	0
610000	-48534.1	-50000	0
620000	50339.2	-50000	0
630000	-44898	-50000	0
640000	22647.2	-50000	0
650000	15626.8	-50000	0
660000	-48263.5	-50000	0
670000	34628	-50000	0
680000	24781.8	-50000	0
690000	-46889.6	-50000	0
700000	-20563.8	-50000	0
710000	41270	-50000	0
720000	41468.8	-50000	0
730000	-4419.38	-50000	0
740000	-41870.6	-50000	0
750000	-50201.8	-50000	0
760000	-39046.4	-50000	0
770000	-23419.6	-50000	0
780000	-12179.1	-50000	0
790000	-8418.22	-50000	0
800000	-12686.3	-50000	0
810000	-24345.4	-50000	0
820000	-40042.5	-50000	0
830000	-50480.8	-50000	0
840000	-40481.6	-50000	0
850000	-1490.6	-50000	0
860000	43373.9	-50000	0
870000	39112.2	-50000	0
880000	-24269.9	-50000	0
890000	-45226.1	-50000	0
900000	28769.3	-50000	0
910000	31118.1	-50000	0
920000	-49685.1	-50000	0
930000	20345.1	-50000	0
940000	18207.6	-50000	0
950000	-42673.7	-50000	0
960000	50298.7	-50000	0
970000	-49843.5	-50000	0
980000	47805.1	-50000	0
990000	-48321.2	-50000	0
1e+06	50188.5	-50000	0
1.01e+06	-49705.2	-50000	0
1.02e+06	38217.7	-50000	0
1.03e+06	-9828.23	-50000	0
1.04e+06	-30239.1	-50000	0
1.05e+06	50605.6	-50000	0
1.06e+06	-18545.1	-50000	0
1.07e+06	-41089.1	-50000	0
1.08e+06	33799.8	-50000	0
1.09e+06	39658.1	-50000	0
1.1e+06	-22233.6	-50000	0
1.11e+06	-50776.4	-50000	0
1.12e+06	-23435.6	-50000	0
1.13e+06	19200.7	-50000	0
1.14e+06	45124.9	-50000	0
1.15e+06	50618.9	-50000	0
1.16e+06	45527.9	-50000	0
1.17e+06	39378.3	-50000	0
1.18e+06	37248.1	-50000	0
1.19e+06	40409.1	-50000	0
1.2e+06	46913.8	-50000	0
1.21e+06	50780.1	-50000	0
1.22e+06	41820.6	-50000	0
1.23e+06	11482.8	-50000	0
1.24e+06	-31619.6	-50000	0
1.25e+06	-50399.7	-50000	0
1.26e+06	-10230	-50000	0
1.27e+06	46975.8	-50000	0
1.28e+06	20813.7	-50000	0
1.29e+06	-48800.7	-50000	0
1.3e+06	-692.907	-50000	0
1.31e+06	46072.6	-50000	0
1.32e+06	-44144.3	-50000	0
1.33e+06	11897.6	-50000	0
1.34e+06	19961.7	-50000	0
1.35e+06	-39772.6	-50000	0
1.36e+06	47726.9	-50000	0
1.37e+06	-50191	-50000	0
1.38e+06	50077.9	-50000	0
1.39e+06	-48279.1	-50000	0
1.4e+06	40576.3	-50000	0
1.41e+06	-22426.2	-50000	0
1.42e+06	-9285.58	-50000	0
1.43e+06	41996	-50000	0
1.44e+06	-48086.3	-50000	0
1.45e+06	5613.47	-50000	0
1.46e+06	46607	-50000	0
1.47e+06	-27310.3	-50000	0
1.48e+06	-43780	-50000	0
1.49e+06	18386.9	-50000	0
1.5e+06	50979.4	-50000	0
1.51e+06	22219.8	-50000	0
1.52e+06	-23179.3	-50000	0
1.53e+06	-48261.5	-50000	0
1.54e+06	-49499.9	-50000	0
1.55e+06	-39083	-50000	0
1.56e+06	-28206.2	-50000	0
1.57e+06	-22581.8	-50000	0
1.58e+06	-24025.9	-50000	0
1.59e+06	-32136.2	-50000	0
1.6e+06	-43827.6	-50000	0
1.61e+06	-51234.8	-50000	0
1.62e+06	-41626.3	-50000	0
1.63e+06	-6399.46	-50000	0
1.64e+06	38684.5	-50000	0
1.65e+06	46473.4	-50000	0
1.66e+06	-8142.59	-50000	0
1.67e+06	-51277.9	-50000	0
1.68e+06	4175.7	-50000	0
1.69e+06	49067	-50000	0
1.7e+06	-30983.1	-50000	0
1.71e+06	-20500.3	-50000	0
1.72e+06	49359.2	-50000	0
1.73e+06	-45804	-50000	0
1.74e+06	25324.7	-50000	0
1.75e+06	-5156.92	-50000	0
1.76e+06	-8728.75	-50000	0
1.77e+06	13751.7	-50000	0
1.78e+06	-11594.4	-50000	0
1.79e+06	677.799	-50000	0
1.8e+06	17375.4	-50000	0
1.81e+06	-39408.1	-50000	0
1.82e+06	51252.7	-50000	0
1.83e+06	-35248.8	-50000	0
1.84e+06	-12472.4	-50000	0
1.85e+06	50480.7	-50000	0
1.86e+06	-21990.8	-50000	0
1.87e+06	-44093.9	-50000	0
1.88e+06	24072.5	-50000	0
1.89e+06	49288	-50000	0
1.9e+06	4189.74	-50000	0
1.91e+06	-42312.5	-50000	0
1.92e+06	-49486.4	-50000	0
1.93e+06	-27251.4	-50000	0
1.94e+06	949.335	-50000	0
1.95e+06	21845.7	-50000	0
1.96e+06	33221.7	-50000	0
1.97e+06	37222.4	-50000	0
1.98e+06	35414.6	-50000	0
1.99e+06	27020.6	-50000	0
2e+06	9713.35	-50000	0
2.01e+06	-16660.8	-50000	0
2.02e+06	-43499.4	-50000	0
2.03e+06	-49834.4	-50000	0
2.04e+06	-16341.4	-50000	0
2.05e+06	37736.4	-50000	0
2.06e+06	43670.3	-50000	0
2.07e+06	-22192.4	-50000	0
2.08e+06	-45735.9	-50000	0
2.09e+06	32384.5	-50000	0
2.1e+06	26075.6	-50000	0
2.11e+06	-51647	-50000	0
2.12e+06	30793.4	-50000	0
2.13e+06	5245.9	-50000	0
2.14e+06	-33302.2	-50000	0
2.15e+06	46669.6	-50000	0
2.16e+06	-51085.2	-50000	0
2.17e+06	51507.8	-50000	0
2.18e+06	-51623.9	-50000	0
2.19e+06	49990.6	-50000	0
2.2e+06	-43119.2	-50000	0
2.21e+06	24009.7	-50000	0
2.22e+06	8329.82	-50000	0
2.23e+06	-42823.1	-50000	0
2.24e+06	48157.1	-50000	0
2.25e+06	-4659.03	-50000	0
2.26e+06	-48025	-50000	0
2.27e+06	25783.8	-50000	0
2.28e+06	44957.2	-50000	0
2.29e+06	-17603.4	-50000	0
2.3e+06	-51797	-50000	0
2.31e+06	-23043.1	-50000	0
2.32e+06	23676.9	-50000	0
2.33e+06	49182	-50000	0
2.34e+06	49064.4	-50000	0
2.35e+06	36291.1	-50000	0
2.36e+06	22957.3	-50000	0
2.37e+06	15128.7	-50000	0
2.38e+06	14722.6	-50000	0
2.39e+06	21811.8	-50000	0
2.4e+06	34759.7	-50000	0
2.41e+06	48085.9	-50000	0
2.42e+06	50302.2	-50000	0
2.43e+06	27896.8	-50000	0
2.44e+06	-17791	-50000	0
2.45e+06	-51339.7	-50000	0
2.46e+06	-24715.8	-50000	0
2.47e+06	40125	-50000	0
2.48e+06	33920.3	-50000	0
2.49e+06	-43008.9	-50000	0
2.5e+06	-16644.1	-50000	0
2.51e+06	51505	-50000	0
2.52e+06	-33040	-50000	0
2.53e+06	-7830.62	-50000	0
2.54e+06	38126.4	-50000	0
2.55e+06	-50810.7	-50000	0
2.56e+06	51182	-50000	0
2.57e+06	-48375.7	-50000	0
2.58e+06	46825.8	-50000	0
2.59e+06	-48813.1	-50000	0
2.6e+06	51532.3	-50000	0
2.61e+06	-49986.5	-50000	0
2.62e+06	34835.7	-50000	0
2.63e+06	-2032.44	-50000	0
2.64e+06	-38154.4	-50000	0
2.65e+06	50150.9	-50000	0
2.66e+06	-7857.8	-50000	0
2.67e+06	-47947.9	-50000	0
2.68e+06	24938	-50000	0
2.69e+06	46705.6	-50000	0
2.7e+06	-12841.6	-50000	0
2.71e+06	-51796.5	-50000	0
2.72e+06	-30573.9	-50000	0
2.73e+06	14283.4	-50000	0
2.74e+06	44630.4	-50000	0
2.75e+06	51870.8	-50000	0
2.76e+06	45324.6	-50000	0
2.77e+06	35978.3	-50000	0
2.78e+06	30327.4	-50000	0
2.79e+06	30819.2	-50000	0
2.8e+06	37275.7	-50000	0
2.81e+06	46751.9	-50000	0
2.82e+06	52022.2	-50000	0
2.83e+06	41715.4	-50000	0
2.84e+06	7965.18	-50000	0
2.85e+06	-36452.5	-50000	0
2.86e+06	-50223.8	-50000	0
2.87e+06	-3246.47	-50000	0
2.88e+06	50515.9	-50000	0
2.89e+06	14172.3	-50000	0
2.9e+06	-51606.5	-50000	0
2.91e+06	5591.35	-50000	0
2.92e+06	44817.5	-50000	0
2.93e+06	-46842.8	-50000	0
2.94e+06	13528.6	-50000	0
2.95e+06	21404.9	-50000	0
2.96e+06	-43065.4	-50000	0
2.97e+06	50901.9	-50000	0
2.98e+06	-52326.1	-50000	0
2.99e+06	51894.1	-50000	0
3e+06	-52321.4	-50000	0
