0.211325	0.211325	0	
0	0	-50000	0
10000	0	-50000	0
20000	0	-50000	0
30000	0	-50000	0
40000	0	-50000	0
50000	0	-50000	0
60000	0	-50000	0
70000	0	-50000	0
80000	0	-50000	0
90000	0	-50000	0
100000	0	-50000	0
110000	0	-50000	0
120000	0	-50000	0
130000	0	-50000	0
140000	0	-50000	0
150000	0	-50000	0
160000	0	-50000	0
170000	0	-50000	0
180000	0	-50000	0
190000	0	-50000	0
200000	0	-50000	0
210000	0	-50000	0
220000	0	-50000	0
230000	0	-50000	0
240000	0	-50000	0
250000	0	-50000	0
260000	0	-50000	0
270000	0	-50000	0
280000	0	-50000	0
290000	0	-50000	0
300000	0	-50000	0
310000	0	-50000	0
320000	0	-50000	0
330000	0	-50000	0
340000	0	-50000	0
350000	0	-50000	0
360000	0	-50000	0
370000	0	-50000	0
380000	0	-50000	0
390000	0	-50000	0
400000	0	-50000	0
410000	0	-50000	0
420000	0	-50000	0
430000	0	-50000	0
440000	0	-50000	0
450000	0	-50000	0
460000	0	-50000	0
470000	0	-50000	0
480000	0	-50000	0
490000	0	-50000	0
500000	0	-50000	0
510000	0	-50000	0
520000	0	-50000	0
530000	0	-50000	0
540000	0	-50000	0
550000	0	-50000	0
560000	0	-50000	0
570000	0	-50000	0
580000	0	-50000	0
590000	0	-50000	0
600000	0	-50000	0
610000	0	-50000	0
620000	0	-50000	0
630000	0	-50000	0
640000	0	-50000	0
650000	0	-50000	0
660000	0	-50000	0
670000	0	-50000	0
680000	0	-50000	0
690000	0	-50000	0
700000	0	-50000	0
710000	0	-50000	0
720000	0	-50000	0
730000	0	-50000	0
740000	0	-50000	0
750000	0	-50000	0
760000	0	-50000	0
770000	0	-50000	0
780000	0	-50000	0
790000	0	-50000	0
800000	0	-50000	0
810000	0	-50000	0
820000	0	-50000	0
830000	0	-50000	0
840000	0	-50000	0
850000	0	-50000	0
860000	0	-50000	0
870000	0	-50000	0
880000	0	-50000	0
890000	0	-50000	0
900000	0	-50000	0
910000	0	-50000	0
920000	0	-50000	0
930000	0	-50000	0
940000	0	-50000	0
950000	0	-50000	0
960000	0	-50000	0
970000	0	-50000	0
980000	0	-50000	0
990000	0	-50000	0
1e+06	0	-50000	0
1.01e+06	0	-50000	0
1.02e+06	0	-50000	0
1.03e+06	0	-50000	0
1.04e+06	0	-50000	0
1.05e+06	0	-50000	0
1.06e+06	0	-50000	0
1.07e+06	0	-50000	0
1.08e+06	0	-50000	0
1.09e+06	0	-50000	0
1.1e+06	0	-50000	0
1.11e+06	0	-50000	0
1.12e+06	0	-50000	0
1.13e+06	0	-50000	0
1.14e+06	0	-50000	0
1.15e+06	0	-50000	0
1.16e+06	0	-50000	0
1.17e+06	0	-50000	0
1.18e+06	0	-50000	0
1.19e+06	0	-50000	0
1.2e+06	0	-50000	0
1.21e+06	0	-50000	0
1.22e+06	0	-50000	0
1.23e+06	0	-50000	0
1.24e+06	0	-50000	0
1.25e+06	0	-50000	0
1.26e+06	0	-50000	0
1.27e+06	0	-50000	0
1.28e+06	0	-50000	0
1.29e+06	0	-50000	0
1.3e+06	0	-50000	0
1.31e+06	0	-50000	0
1.32e+06	0	-50000	0
1.33e+06	0	-50000	0
1.34e+06	0	-50000	0
1.35e+06	0	-50000	0
1.36e+06	0	-50000	0
1.37e+06	0	-50000	0
1.38e+06	0	-50000	0
1.39e+06	0	-50000	0
1.4e+06	0	-50000	0
1.41e+06	0	-50000	0
1.42e+06	0	-50000	0
1.43e+06	0	-50000	0
1.44e+06	0	-50000	0
1.45e+06	0	-50000	0
1.46e+06	0	-50000	0
1.47e+06	0	-50000	0
1.48e+06	0	-50000	0
1.49e+06	0	-50000	0
1.5e+06	0	-50000	0
1.51e+06	0	-50000	0
1.52e+06	0	-50000	0
1.53e+06	0	-50000	0
1.54e+06	0	-50000	0
1.55e+06	0	-50000	0
1.56e+06	0	-50000	0
1.57e+06	0	-50000	0
1.58e+06	0	-50000	0
1.59e+06	0	-50000	0
1.6e+06	0	-50000	0
1.61e+06	0	-50000	0
1.62e+06	0	-50000	0
1.63e+06	0	-50000	0
1.64e+06	0	-50000	0
1.65e+06	0	-50000	0
1.66e+06	0	-50000	0
1.67e+06	0	-50000	0
1.68e+06	0	-50000	0
1.69e+06	0	-50000	0
1.7e+06	0	-50000	0
1.71e+06	0	-50000	0
1.72e+06	0	-50000	0
1.73e+06	0	-50000	0
1.74e+06	0	-50000	0
1.75e+06	0	-50000	0
1.76e+06	0	-50000	0
1.77e+06	0	-50000	0
1.78e+06	0	-50000	0
1.79e+06	0	-50000	0
1.8e+06	0	-50000	0
1.81e+06	0	-50000	0
1.82e+06	0	-50000	0
1.83e+06	0	-50000	0
1.84e+06	0	-50000	0
1.85e+06	0	-50000	0
1.86e+06	0	-50000	0
1.87e+06	0	-50000	0
1.88e+06	0	-50000	0
1.89e+06	0	-50000	0
1.9e+06	0	-50000	0
1.91e+06	0	-50000	0
1.92e+06	0	-50000	0
1.93e+06	0	-50000	0
1.94e+06	0	-50000	0
1.95e+06	0	-50000	0
1.96e+06	0	-50000	0
1.97e+06	0	-50000	0
1.98e+06	0	-50000	0
1.99e+06	0	-50000	0
2e+06	0	-50000	0
2.01e+06	0	-50000	0
2.02e+06	0	-50000	0
2.03e+06	0	-50000	0
2.04e+06	0	-50000	0
2.05e+06	0	-50000	0
2.06e+06	0	-50000	0
2.07e+06	0	-50000	0
2.08e+06	0	-50000	0
2.09e+06	0	-50000	0
2.1e+06	0	-50000	0
2.11e+06	0	-50000	0
2.12e+06	0	-50000	0
2.13e+06	0	-50000	0
2.14e+06	0	-50000	0
2.15e+06	0	-50000	0
2.16e+06	0	-50000	0
2.17e+06	0	-50000	0
2.18e+06	0	-50000	0
2.19e+06	0	-50000	0
2.2e+06	0	-50000	0
2.21e+06	0	-50000	0
2.22e+06	0	-50000	0
2.23e+06	0	-50000	0
2.24e+06	0	-50000	0
2.25e+06	0	-50000	0
2.26e+06	0	-50000	0
2.27e+06	0	-50000	0
2.28e+06	0	-50000	0
2.29e+06	0	-50000	0
2.3e+06	0	-50000	0
2.31e+06	0	-50000	0
2.32e+06	0	-50000	0
2.33e+06	0	-50000	0
2.34e+06	0	-50000	0
2.35e+06	0	-50000	0
2.36e+06	0	-50000	0
2.37e+06	0	-50000	0
2.38e+06	0	-50000	0
2.39e+06	0	-50000	0
2.4e+06	0	-50000	0
2.41e+06	0	-50000	0
2.42e+06	0	-50000	0
2.43e+06	0	-50000	0
2.44e+06	0	-50000	0
2.45e+06	0	-50000	0
2.46e+06	0	-50000	0
2.47e+06	0	-50000	0
2.48e+06	0	-50000	0
2.49e+06	0	-50000	0
2.5e+06	0	-50000	0
2.51e+06	0	-50000	0
2.52e+06	0	-50000	0
2.53e+06	0	-50000	0
2.54e+06	0	-50000	0
2.55e+06	0	-50000	0
2.56e+06	0	-50000	0
2.57e+06	0	-50000	0
2.58e+06	0	-50000	0
2.59e+06	0	-50000	0
2.6e+06	0	-50000	0
2.61e+06	0	-50000	0
2.62e+06	0	-50000	0
2.63e+06	0	-50000	0
2.64e+06	0	-50000	0
2.65e+06	0	-50000	0
2.66e+06	0	-50000	0
2.67e+06	0	-50000	0
2.68e+06	0	-50000	0
2.69e+06	0	-50000	0
2.7e+06	0	-50000	0
2.71e+06	0	-50000	0
2.72e+06	0	-50000	0
2.73e+06	0	-50000	0
2.74e+06	0	-50000	0
2.75e+06	0	-50000	0
2.76e+06	0	-50000	0
2.77e+06	0	-50000	0
2.78e+06	0	-50000	0
2.79e+06	0	-50000	0
2.8e+06	0	-50000	0
2.81e+06	0	-50000	0
2.82e+06	0	-50000	0
2.83e+06	0	-50000	0
2.84e+06	0	-50000	0
2.85e+06	0	-50000	0
2.86e+06	0	-50000	0
2.87e+06	0	-50000	0
2.88e+06	0	-50000	0
2.89e+06	0	-50000	0
2.9e+06	0	-50000	0
2.91e+06	0	-50000	0
2.92e+06	0	-50000	0
2.93e+06	0	-50000	0
2.94e+06	0	-50000	0
2.95e+06	0	-50000	0
2.96e+06	0	-50000	0
2.97e+06	0	-50000	0
2.98e+06	0	-50000	0
2.99e+06	0	-50000	0
3e+06	0	-50000	0
