0.211325	0.211325	0	
0	0	0	0
10000	3.1505e-10	-57339.1	0
20000	-4.05059e-10	-88504.2	0
30000	-3.97339e-11	-21874	0
40000	3.41575e-10	-39698.1	0
50000	-3.61281e-10	-81825.1	0
60000	3.52248e-11	-25779.1	0
70000	3.92391e-10	-51110.8	0
80000	-3.23208e-10	-68217.1	0
90000	-1.52395e-10	-26032.9	0
100000	5.12997e-11	-66526.3	0
110000	1.62101e-10	-47096.2	0
120000	-4.83357e-10	-40406.8	0
130000	-2.76372e-10	-66042.6	0
140000	5.67614e-10	-34565.8	0
150000	-4.28913e-10	-59400.2	0
160000	-3.92542e-10	-48775.7	0
170000	3.90973e-10	-43972.9	0
180000	-1.50256e-10	-60180.8	0
190000	-8.8996e-11	-39413.1	0
200000	-4.87821e-10	-57761.1	0
210000	2.33191e-10	-46852.1	0
220000	3.11829e-10	-48351.4	0
230000	-7.13211e-10	-55225.4	0
240000	6.16681e-11	-43185.2	0
250000	4.41214e-10	-56290.7	0
260000	-1.4756e-10	-45840.6	0
270000	-3.13446e-10	-51236.1	0
280000	-5.24523e-11	-51564.3	0
290000	7.0049e-10	-46470.3	0
300000	-4.39649e-10	-54267.4	0
310000	-5.46653e-10	-46215.7	0
320000	4.17414e-10	-52387.6	0
330000	4.86796e-11	-49413.6	0
340000	-4.48532e-10	-48903.8	0
350000	-4.0774e-10	-52241.2	0
360000	3.5225e-10	-47360.3	0
370000	8.74877e-12	-52299.5	0
380000	-5.89616e-10	-48576.9	0
390000	3.87155e-11	-50313.4	0
400000	4.67422e-11	-50708.8	0
410000	3.30298e-11	-48602.6	0
420000	-5.2716e-10	-51625.5	0
430000	-3.77366e-10	-48594	0
440000	5.2879e-10	-50860.6	0
450000	-5.33281e-10	-49821.5	0
460000	-5.60569e-10	-49552.8	0
470000	1.3706e-10	-50864.8	0
480000	-2.38922e-11	-48999.5	0
490000	-2.17211e-10	-50861	0
500000	-6.97983e-10	-49476	0
510000	1.86906e-10	-50104	0
520000	9.96782e-11	-50279.1	0
530000	-6.792e-10	-49465.7	0
540000	-3.7457e-10	-50615.2	0
550000	1.33144e-10	-49472	0
560000	5.60625e-11	-50319.5	0
570000	-5.32732e-10	-49938.5	0
580000	-5.42828e-10	-49826.1	0
590000	4.85946e-10	-50329.5	0
600000	-2.12893e-10	-49621.6	0
610000	-6.78095e-10	-50323.7	0
620000	-3.95068e-12	-49804.7	0
630000	1.54611e-10	-50036.2	0
640000	-9.92477e-11	-50107.9	0
650000	-7.86773e-10	-49796.7	0
660000	-2.6327e-11	-50232.6	0
670000	2.80998e-10	-49801.3	0
680000	-6.41115e-10	-50119.1	0
690000	-4.57585e-10	-49978.5	0
700000	7.89352e-11	-49932.8	0
710000	1.28372e-10	-50125.3	0
720000	-5.36202e-10	-49856.9	0
730000	-5.01966e-10	-50121.7	0
740000	3.91792e-10	-49927.1	0
750000	-4.1676e-11	-50012.6	0
760000	-4.0075e-10	-50041.6	0
770000	-7.41979e-11	-49922.6	0
780000	2.47609e-10	-50087.9	0
790000	-1.17092e-11	-49925.2	0
800000	-3.55552e-10	-50044.4	0
810000	-1.7786e-10	-49992.4	0
820000	5.62985e-10	-49974.1	0
830000	-1.99515e-10	-50047.6	0
840000	-3.79588e-10	-49945.8	0
850000	1.37192e-10	-50045.7	0
860000	2.05744e-10	-49972.8	0
870000	-8.07796e-11	-50004.3	0
880000	-6.83753e-10	-50016	0
890000	1.96079e-10	-49970.5	0
900000	2.57804e-10	-50033.2	0
910000	-2.86237e-10	-49971.8	0
920000	-3.62007e-10	-50016.5	0
930000	1.22038e-10	-49997.3	0
940000	3.6293e-10	-49990	0
950000	-5.99337e-10	-50018	0
960000	-2.89773e-10	-49979.5	0
970000	3.33818e-10	-50017.2	0
980000	3.58146e-11	-49989.8	0
990000	-4.68758e-10	-50001.4	0
1e+06	-3.76539e-10	-50006.1	0
1.01e+06	3.06612e-10	-49988.8	0
1.02e+06	2.24172e-12	-50012.5	0
1.03e+06	-8.32548e-10	-49989.3	0
1.04e+06	6.48821e-12	-50006.1	0
1.05e+06	1.92168e-10	-49999	0
1.06e+06	-3.01029e-10	-49996.1	0
1.07e+06	-5.84229e-10	-50006.8	0
1.08e+06	6.56703e-11	-49992.2	0
1.09e+06	2.13432e-10	-50006.4	0
1.1e+06	-5.68539e-10	-49996.1	0
1.11e+06	-3.85131e-10	-50000.4	0
1.12e+06	-5.98112e-11	-50002.3	0
1.13e+06	1.60814e-10	-49995.7	0
1.14e+06	-5.78162e-10	-50004.7	0
1.15e+06	-5.01073e-10	-49995.9	0
1.16e+06	5.10201e-10	-50002.2	0
1.17e+06	-1.54807e-10	-49999.6	0
1.18e+06	-4.23324e-10	-49998.4	0
1.19e+06	-1.38294e-10	-50002.5	0
1.2e+06	2.94574e-10	-49997	0
1.21e+06	8.48596e-11	-50002.4	0
1.22e+06	-6.97663e-10	-49998.5	0
1.23e+06	4.31355e-11	-50000.1	0
1.24e+06	6.00246e-10	-50000.8	0
1.25e+06	-2.53151e-10	-49998.3	0
1.26e+06	-2.14402e-10	-50001.7	0
1.27e+06	3.58684e-12	-49998.4	0
1.28e+06	3.85104e-10	-50000.8	0
1.29e+06	-1.27874e-10	-49999.8	0
1.3e+06	-6.23749e-10	-49999.4	0
1.31e+06	4.53507e-10	-50000.9	0
1.32e+06	4.13722e-10	-49998.8	0
1.33e+06	-3.77697e-10	-50000.8	0
1.34e+06	-1.29962e-10	-49999.4	0
1.35e+06	2.68581e-10	-50000	0
1.36e+06	3.78907e-10	-50000.3	0
1.37e+06	-5.86894e-10	-49999.3	0
1.38e+06	-2.3479e-10	-50000.6	0
1.39e+06	4.84981e-10	-49999.4	0
1.4e+06	1.26423e-11	-50000.2	0
1.41e+06	-5.64787e-10	-49999.9	0
1.42e+06	-1.76412e-10	-49999.7	0
1.43e+06	2.49574e-10	-50000.3	0
1.44e+06	-7.70729e-11	-49999.5	0
1.45e+06	-7.7633e-10	-50000.3	0
1.46e+06	-1.02441e-10	-49999.7	0
1.47e+06	3.13662e-10	-49999.9	0
1.48e+06	-4.6861e-10	-50000.1	0
1.49e+06	-5.78941e-10	-49999.7	0
1.5e+06	-2.51836e-11	-50000.2	0
1.51e+06	1.11372e-10	-49999.7	0
1.52e+06	-4.83634e-10	-50000	0
1.53e+06	-6.96064e-10	-49999.9	0
1.54e+06	1.35073e-10	-49999.8	0
1.55e+06	-9.13784e-11	-50000.1	0
1.56e+06	-8.45808e-10	-49999.8	0
1.57e+06	-3.28728e-10	-50000.1	0
1.58e+06	-1.36916e-10	-49999.8	0
1.59e+06	-1.26244e-10	-49999.9	0
1.6e+06	-8.23873e-10	-50000	0
1.61e+06	-6.32389e-10	-49999.8	0
1.62e+06	3.38452e-10	-50000	0
1.63e+06	-5.2164e-10	-49999.8	0
1.64e+06	-8.2314e-10	-50000	0
1.65e+06	-1.75558e-10	-49999.9	0
1.66e+06	-1.65298e-10	-49999.9	0
1.67e+06	-3.58848e-10	-50000	0
1.68e+06	-1.01555e-09	-49999.9	0
1.69e+06	-9.35545e-11	-50000	0
1.7e+06	1.27535e-10	-49999.9	0
1.71e+06	-1.00436e-09	-49999.9	0
1.72e+06	-3.53765e-10	-49999.9	0
1.73e+06	-1.57854e-10	-49999.9	0
1.74e+06	-2.45111e-10	-50000	0
1.75e+06	-6.798e-10	-49999.9	0
1.76e+06	-1.00142e-09	-49999.9	0
1.77e+06	2.36786e-10	-49999.9	0
1.78e+06	-3.44136e-10	-49999.9	0
1.79e+06	-1.06099e-09	-49999.9	0
1.8e+06	-1.10669e-10	-49999.9	0
1.81e+06	-7.21646e-11	-49999.9	0
1.82e+06	-3.35834e-10	-49999.9	0
1.83e+06	-7.80671e-10	-49999.9	0
1.84e+06	-3.96881e-10	-49999.9	0
1.85e+06	4.00688e-10	-49999.9	0
1.86e+06	-7.91877e-10	-49999.9	0
1.87e+06	-6.18618e-10	-49999.9	0
1.88e+06	9.6793e-11	-49999.9	0
1.89e+06	-1.92075e-10	-49999.9	0
1.9e+06	-2.07318e-10	-49999.9	0
1.91e+06	-6.11568e-10	-49999.9	0
1.92e+06	5.9857e-11	-49999.9	0
1.93e+06	2.81479e-10	-49999.9	0
1.94e+06	-7.55667e-10	-49999.9	0
1.95e+06	-2.19239e-10	-49999.9	0
1.96e+06	1.48881e-10	-49999.9	0
1.97e+06	2.55876e-11	-49999.9	0
1.98e+06	-3.74943e-10	-49999.9	0
1.99e+06	-5.30289e-10	-49999.9	0
2e+06	6.20087e-10	-49999.9	0
2.01e+06	-2.65399e-10	-49999.9	0
2.02e+06	-7.03816e-10	-49999.9	0
2.03e+06	3.27881e-11	-49999.9	0
2.04e+06	1.11488e-10	-49999.9	0
2.05e+06	-9.23252e-12	-49999.9	0
2.06e+06	-7.7887e-10	-49999.9	0
2.07e+06	4.67762e-11	-49999.9	0
2.08e+06	4.84769e-10	-49999.9	0
2.09e+06	-4.74313e-10	-49999.9	0
2.1e+06	-2.57826e-10	-49999.9	0
2.11e+06	2.74363e-10	-49999.9	0
2.12e+06	1.57712e-10	-49999.9	0
2.13e+06	-1.89377e-10	-49999.9	0
2.14e+06	-6.08333e-10	-49999.9	0
2.15e+06	3.07432e-10	-49999.9	0
2.16e+06	1.39946e-10	-49999.9	0
2.17e+06	-7.43038e-10	-49999.9	0
2.18e+06	-9.40296e-11	-49999.9	0
2.19e+06	1.48032e-10	-49999.9	0
2.2e+06	-1.40773e-11	-49999.9	0
2.21e+06	-6.49278e-10	-49999.9	0
2.22e+06	-2.28685e-10	-49999.9	0
2.23e+06	4.11472e-10	-49999.9	0
2.24e+06	-4.60952e-10	-49999.9	0
2.25e+06	-5.44709e-10	-49999.9	0
2.26e+06	-2.87181e-11	-49999.9	0
2.27e+06	2.92802e-11	-49999.9	0
2.28e+06	-3.56247e-10	-49999.9	0
2.29e+06	-6.65599e-10	-49999.9	0
2.3e+06	-4.21287e-11	-49999.9	0
2.31e+06	2.35995e-10	-49999.9	0
2.32e+06	-7.645e-10	-49999.9	0
2.33e+06	-4.00357e-10	-49999.9	0
2.34e+06	1.26175e-10	-49999.9	0
2.35e+06	-1.82767e-10	-49999.9	0
2.36e+06	-6.05157e-10	-49999.9	0
2.37e+06	-5.09442e-10	-49999.9	0
2.38e+06	7.83162e-11	-49999.9	0
2.39e+06	-8.78382e-11	-49999.9	0
2.4e+06	-6.88887e-10	-49999.9	0
2.41e+06	-2.27173e-10	-49999.9	0
2.42e+06	1.68598e-10	-49999.9	0
2.43e+06	-1.23839e-10	-49999.9	0
2.44e+06	-7.18032e-10	-49999.9	0
2.45e+06	-1.24953e-10	-49999.9	0
2.46e+06	3.49969e-10	-49999.9	0
2.47e+06	-4.09076e-10	-49999.9	0
2.48e+06	-6.31726e-10	-49999.9	0
2.49e+06	1.86864e-10	-49999.9	0
2.5e+06	2.41803e-10	-49999.9	0
2.51e+06	-4.69416e-10	-49999.9	0
2.52e+06	-4.03411e-10	-49999.9	0
2.53e+06	1.11732e-10	-49999.9	0
2.54e+06	1.03997e-10	-49999.9	0
2.55e+06	-5.50915e-10	-49999.9	0
2.56e+06	-5.309e-10	-49999.9	0
2.57e+06	4.14337e-10	-49999.9	0
2.58e+06	-6.46263e-11	-49999.9	0
2.59e+06	-5.48315e-10	-49999.9	0
2.6e+06	-2.3361e-10	-49999.9	0
2.61e+06	3.57634e-10	-49999.9	0
2.62e+06	5.64904e-11	-49999.9	0
2.63e+06	-6.40822e-10	-49999.9	0
2.64e+06	8.81558e-12	-49999.9	0
2.65e+06	5.63462e-10	-49999.9	0
2.66e+06	-3.6037e-10	-49999.9	0
2.67e+06	-3.7517e-10	-49999.9	0
2.68e+06	2.86934e-10	-49999.9	0
2.69e+06	3.65031e-10	-49999.9	0
2.7e+06	-1.0605e-10	-49999.9	0
2.71e+06	-4.4003e-10	-49999.9	0
2.72e+06	5.41708e-10	-49999.9	0
2.73e+06	3.1288e-10	-49999.9	0
2.74e+06	-4.16814e-10	-49999.9	0
2.75e+06	-1.67769e-11	-49999.9	0
2.76e+06	2.64064e-10	-49999.9	0
2.77e+06	4.39366e-10	-49999.9	0
2.78e+06	-4.73266e-10	-49999.9	0
2.79e+06	-5.10806e-11	-49999.9	0
2.8e+06	7.70289e-10	-49999.9	0
2.81e+06	2.21094e-11	-49999.9	0
2.82e+06	-1.96144e-10	-49999.9	0
2.83e+06	1.52582e-10	-49999.9	0
2.84e+06	4.40451e-10	-49999.9	0
2.85e+06	4.51448e-11	-49999.9	0
2.86e+06	-4.22934e-10	-49999.9	0
2.87e+06	3.50631e-10	-49999.9	0
2.88e+06	5.37879e-10	-49999.9	0
2.89e+06	-1.90092e-10	-49999.9	0
2.9e+06	-5.07594e-11	-49999.9	0
2.91e+06	3.40731e-10	-49999.9	0
2.92e+06	5.39966e-10	-49999.9	0
2.93e+06	-1.82738e-10	-49999.9	0
2.94e+06	-3.99617e-10	-49999.9	0
2.95e+06	4.40072e-10	-49999.9	0
2.96e+06	3.09312e-10	-49999.9	0
2.97e+06	-3.76587e-10	-49999.9	0
2.98e+06	-7.46367e-11	-49999.9	0
2.99e+06	4.37462e-10	-49999.9	0
3e+06	1.00529e-10	-49999.9	0
