[2](-25000,-25000)
[2](0,-25000)
[2](25000,-25000)
[2](0,-25000)
[2](-25000,25000)
[2](0,-25000)
[2](25000,25000)
[2](0,-25000)

[2](-23046,-17133.8)
[2](0,-17133.8)
[2](23046,-27151.9)
[2](0,-27151.9)
[2](-23046,17133.8)
[2](0,-17133.8)
[2](23046,27151.9)
[2](0,-27151.9)



[2](0,-25000)
[2](0,-25000)
[2](0,-25000)
[2](0,-25000)
[2](0,25000)
[2](0,-25000)
[2](0,25000)
[2](0,-25000)

[2](0,-25000)
[2](0,-25000)
[2](0,-25000)
[2](0,-25000)
[2](0,25000)
[2](0,-25000)
[2](0,25000)
[2](0,-25000)



[2](0,0)
[2](0,-25000)
[2](0,0)
[2](0,-25000)
[2](0,0)
[2](0,-25000)
[2](0,0)
[2](0,-25000)

[2](6.05432e-11,-24813.4)
[2](0,-24813.5)
[2](3.67584e-13,-24813.4)
[2](0,-24813.5)
[2](-2.31913e-11,24813.4)
[2](0,-24813.4)
[2](-3.77195e-11,24813.4)
[2](0,-24813.4)

