240
0	1	22	21
1	2	23	22
2	3	24	23
3	4	25	24
4	5	26	25
5	6	27	26
6	7	28	27
7	8	29	28
8	9	30	29
9	10	31	30
10	11	32	31
11	12	33	32
12	13	34	33
13	14	35	34
14	15	36	35
15	16	37	36
16	17	38	37
17	18	39	38
18	19	40	39
19	20	41	40
21	22	43	42
22	23	44	43
23	24	45	44
24	25	46	45
25	26	47	46
26	27	48	47
27	28	49	48
28	29	50	49
29	30	51	50
30	31	52	51
31	32	53	52
32	33	54	53
33	34	55	54
34	35	56	55
35	36	57	56
36	37	58	57
37	38	59	58
38	39	60	59
39	40	61	60
40	41	62	61
42	43	64	63
43	44	65	64
44	45	66	65
45	46	67	66
46	47	68	67
47	48	69	68
48	49	70	69
49	50	71	70
50	51	72	71
51	52	73	72
52	53	74	73
53	54	75	74
54	55	76	75
55	56	77	76
56	57	78	77
57	58	79	78
58	59	80	79
59	60	81	80
60	61	82	81
61	62	83	82
63	64	85	84
64	65	86	85
65	66	87	86
66	67	88	87
67	68	89	88
68	69	90	89
69	70	91	90
70	71	92	91
71	72	93	92
72	73	94	93
73	74	95	94
74	75	96	95
75	76	97	96
76	77	98	97
77	78	99	98
78	79	100	99
79	80	101	100
80	81	102	101
81	82	103	102
82	83	104	103
84	85	106	105
85	86	107	106
86	87	108	107
87	88	109	108
88	89	110	109
89	90	111	110
90	91	112	111
91	92	113	112
92	93	114	113
93	94	115	114
94	95	116	115
95	96	117	116
96	97	118	117
97	98	119	118
98	99	120	119
99	100	121	120
100	101	122	121
101	102	123	122
102	103	124	123
103	104	125	124
105	106	127	126
106	107	128	127
107	108	129	128
108	109	130	129
109	110	131	130
110	111	132	131
111	112	133	132
112	113	134	133
113	114	135	134
114	115	136	135
115	116	137	136
116	117	138	137
117	118	139	138
118	119	140	139
119	120	141	140
120	121	142	141
121	122	143	142
122	123	144	143
123	124	145	144
124	125	146	145
126	127	148	147
127	128	149	148
128	129	150	149
129	130	151	150
130	131	152	151
131	132	153	152
132	133	154	153
133	134	155	154
134	135	156	155
135	136	157	156
136	137	158	157
137	138	159	158
138	139	160	159
139	140	161	160
140	141	162	161
141	142	163	162
142	143	164	163
143	144	165	164
144	145	166	165
145	146	167	166
147	148	169	168
148	149	170	169
149	150	171	170
150	151	172	171
151	152	173	172
152	153	174	173
153	154	175	174
154	155	176	175
155	156	177	176
156	157	178	177
157	158	179	178
158	159	180	179
159	160	181	180
160	161	182	181
161	162	183	182
162	163	184	183
163	164	185	184
164	165	186	185
165	166	187	186
166	167	188	187
168	169	190	189
169	170	191	190
170	171	192	191
171	172	193	192
172	173	194	193
173	174	195	194
174	175	196	195
175	176	197	196
176	177	198	197
177	178	199	198
178	179	200	199
179	180	201	200
180	181	202	201
181	182	203	202
182	183	204	203
183	184	205	204
184	185	206	205
185	186	207	206
186	187	208	207
187	188	209	208
189	190	211	210
190	191	212	211
191	192	213	212
192	193	214	213
193	194	215	214
194	195	216	215
195	196	217	216
196	197	218	217
197	198	219	218
198	199	220	219
199	200	221	220
200	201	222	221
201	202	223	222
202	203	224	223
203	204	225	224
204	205	226	225
205	206	227	226
206	207	228	227
207	208	229	228
208	209	230	229
210	211	232	231
211	212	233	232
212	213	234	233
213	214	235	234
214	215	236	235
215	216	237	236
216	217	238	237
217	218	239	238
218	219	240	239
219	220	241	240
220	221	242	241
221	222	243	242
222	223	244	243
223	224	245	244
224	225	246	245
225	226	247	246
226	227	248	247
227	228	249	248
228	229	250	249
229	230	251	250
231	232	253	252
232	233	254	253
233	234	255	254
234	235	256	255
235	236	257	256
236	237	258	257
237	238	259	258
238	239	260	259
239	240	261	260
240	241	262	261
241	242	263	262
242	243	264	263
243	244	265	264
244	245	266	265
245	246	267	266
246	247	268	267
247	248	269	268
248	249	270	269
249	250	271	270
250	251	272	271
3	1	21	20
5	2	22	21	20	0
5	3	23	22	21	1
5	4	24	23	22	2
5	5	25	24	23	3
5	6	26	25	24	4
5	7	27	26	25	5
5	8	28	27	26	6
5	9	29	28	27	7
5	10	30	29	28	8
5	11	31	30	29	9
5	12	32	31	30	10
5	13	33	32	31	11
5	14	34	33	32	12
5	15	35	34	33	13
5	16	36	35	34	14
5	17	37	36	35	15
5	18	38	37	36	16
5	19	39	38	37	17
3	39	38	18
5	0	1	21	41	40
8	0	1	2	22	42	41	40	20
8	1	2	3	23	43	42	41	21
8	2	3	4	24	44	43	42	22
8	3	4	5	25	45	44	43	23
8	4	5	6	26	46	45	44	24
8	5	6	7	27	47	46	45	25
8	6	7	8	28	48	47	46	26
8	7	8	9	29	49	48	47	27
8	8	9	10	30	50	49	48	28
8	9	10	11	31	51	50	49	29
8	10	11	12	32	52	51	50	30
8	11	12	13	33	53	52	51	31
8	12	13	14	34	54	53	52	32
8	13	14	15	35	55	54	53	33
8	14	15	16	36	56	55	54	34
8	15	16	17	37	57	56	55	35
8	16	17	18	38	58	57	56	36
8	17	18	19	39	59	58	57	37
5	18	19	59	58	38
5	20	21	41	61	60
8	20	21	22	42	62	61	60	40
8	21	22	23	43	63	62	61	41
8	22	23	24	44	64	63	62	42
8	23	24	25	45	65	64	63	43
8	24	25	26	46	66	65	64	44
8	25	26	27	47	67	66	65	45
8	26	27	28	48	68	67	66	46
8	27	28	29	49	69	68	67	47
8	28	29	30	50	70	69	68	48
8	29	30	31	51	71	70	69	49
8	30	31	32	52	72	71	70	50
8	31	32	33	53	73	72	71	51
8	32	33	34	54	74	73	72	52
8	33	34	35	55	75	74	73	53
8	34	35	36	56	76	75	74	54
8	35	36	37	57	77	76	75	55
8	36	37	38	58	78	77	76	56
8	37	38	39	59	79	78	77	57
5	38	39	79	78	58
5	40	41	61	81	80
8	40	41	42	62	82	81	80	60
8	41	42	43	63	83	82	81	61
8	42	43	44	64	84	83	82	62
8	43	44	45	65	85	84	83	63
8	44	45	46	66	86	85	84	64
8	45	46	47	67	87	86	85	65
8	46	47	48	68	88	87	86	66
8	47	48	49	69	89	88	87	67
8	48	49	50	70	90	89	88	68
8	49	50	51	71	91	90	89	69
8	50	51	52	72	92	91	90	70
8	51	52	53	73	93	92	91	71
8	52	53	54	74	94	93	92	72
8	53	54	55	75	95	94	93	73
8	54	55	56	76	96	95	94	74
8	55	56	57	77	97	96	95	75
8	56	57	58	78	98	97	96	76
8	57	58	59	79	99	98	97	77
5	58	59	99	98	78
5	60	61	81	101	100
8	60	61	62	82	102	101	100	80
8	61	62	63	83	103	102	101	81
8	62	63	64	84	104	103	102	82
8	63	64	65	85	105	104	103	83
8	64	65	66	86	106	105	104	84
8	65	66	67	87	107	106	105	85
8	66	67	68	88	108	107	106	86
8	67	68	69	89	109	108	107	87
8	68	69	70	90	110	109	108	88
8	69	70	71	91	111	110	109	89
8	70	71	72	92	112	111	110	90
8	71	72	73	93	113	112	111	91
8	72	73	74	94	114	113	112	92
8	73	74	75	95	115	114	113	93
8	74	75	76	96	116	115	114	94
8	75	76	77	97	117	116	115	95
8	76	77	78	98	118	117	116	96
8	77	78	79	99	119	118	117	97
5	78	79	119	118	98
5	80	81	101	121	120
8	80	81	82	102	122	121	120	100
8	81	82	83	103	123	122	121	101
8	82	83	84	104	124	123	122	102
8	83	84	85	105	125	124	123	103
8	84	85	86	106	126	125	124	104
8	85	86	87	107	127	126	125	105
8	86	87	88	108	128	127	126	106
8	87	88	89	109	129	128	127	107
8	88	89	90	110	130	129	128	108
8	89	90	91	111	131	130	129	109
8	90	91	92	112	132	131	130	110
8	91	92	93	113	133	132	131	111
8	92	93	94	114	134	133	132	112
8	93	94	95	115	135	134	133	113
8	94	95	96	116	136	135	134	114
8	95	96	97	117	137	136	135	115
8	96	97	98	118	138	137	136	116
8	97	98	99	119	139	138	137	117
5	98	99	139	138	118
5	100	101	121	141	140
8	100	101	102	122	142	141	140	120
8	101	102	103	123	143	142	141	121
8	102	103	104	124	144	143	142	122
8	103	104	105	125	145	144	143	123
8	104	105	106	126	146	145	144	124
8	105	106	107	127	147	146	145	125
8	106	107	108	128	148	147	146	126
8	107	108	109	129	149	148	147	127
8	108	109	110	130	150	149	148	128
8	109	110	111	131	151	150	149	129
8	110	111	112	132	152	151	150	130
8	111	112	113	133	153	152	151	131
8	112	113	114	134	154	153	152	132
8	113	114	115	135	155	154	153	133
8	114	115	116	136	156	155	154	134
8	115	116	117	137	157	156	155	135
8	116	117	118	138	158	157	156	136
8	117	118	119	139	159	158	157	137
5	118	119	159	158	138
5	120	121	141	161	160
8	120	121	122	142	162	161	160	140
8	121	122	123	143	163	162	161	141
8	122	123	124	144	164	163	162	142
8	123	124	125	145	165	164	163	143
8	124	125	126	146	166	165	164	144
8	125	126	127	147	167	166	165	145
8	126	127	128	148	168	167	166	146
8	127	128	129	149	169	168	167	147
8	128	129	130	150	170	169	168	148
8	129	130	131	151	171	170	169	149
8	130	131	132	152	172	171	170	150
8	131	132	133	153	173	172	171	151
8	132	133	134	154	174	173	172	152
8	133	134	135	155	175	174	173	153
8	134	135	136	156	176	175	174	154
8	135	136	137	157	177	176	175	155
8	136	137	138	158	178	177	176	156
8	137	138	139	159	179	178	177	157
5	138	139	179	178	158
5	140	141	161	181	180
8	140	141	142	162	182	181	180	160
8	141	142	143	163	183	182	181	161
8	142	143	144	164	184	183	182	162
8	143	144	145	165	185	184	183	163
8	144	145	146	166	186	185	184	164
8	145	146	147	167	187	186	185	165
8	146	147	148	168	188	187	186	166
8	147	148	149	169	189	188	187	167
8	148	149	150	170	190	189	188	168
8	149	150	151	171	191	190	189	169
8	150	151	152	172	192	191	190	170
8	151	152	153	173	193	192	191	171
8	152	153	154	174	194	193	192	172
8	153	154	155	175	195	194	193	173
8	154	155	156	176	196	195	194	174
8	155	156	157	177	197	196	195	175
8	156	157	158	178	198	197	196	176
8	157	158	159	179	199	198	197	177
5	158	159	199	198	178
5	160	161	181	201	200
8	160	161	162	182	202	201	200	180
8	161	162	163	183	203	202	201	181
8	162	163	164	184	204	203	202	182
8	163	164	165	185	205	204	203	183
8	164	165	166	186	206	205	204	184
8	165	166	167	187	207	206	205	185
8	166	167	168	188	208	207	206	186
8	167	168	169	189	209	208	207	187
8	168	169	170	190	210	209	208	188
8	169	170	171	191	211	210	209	189
8	170	171	172	192	212	211	210	190
8	171	172	173	193	213	212	211	191
8	172	173	174	194	214	213	212	192
8	173	174	175	195	215	214	213	193
8	174	175	176	196	216	215	214	194
8	175	176	177	197	217	216	215	195
8	176	177	178	198	218	217	216	196
8	177	178	179	199	219	218	217	197
5	178	179	219	218	198
5	180	181	201	221	220
8	180	181	182	202	222	221	220	200
8	181	182	183	203	223	222	221	201
8	182	183	184	204	224	223	222	202
8	183	184	185	205	225	224	223	203
8	184	185	186	206	226	225	224	204
8	185	186	187	207	227	226	225	205
8	186	187	188	208	228	227	226	206
8	187	188	189	209	229	228	227	207
8	188	189	190	210	230	229	228	208
8	189	190	191	211	231	230	229	209
8	190	191	192	212	232	231	230	210
8	191	192	193	213	233	232	231	211
8	192	193	194	214	234	233	232	212
8	193	194	195	215	235	234	233	213
8	194	195	196	216	236	235	234	214
8	195	196	197	217	237	236	235	215
8	196	197	198	218	238	237	236	216
8	197	198	199	219	239	238	237	217
5	198	199	239	238	218
3	200	201	221
5	200	201	202	222	220
5	201	202	203	223	221
5	202	203	204	224	222
5	203	204	205	225	223
5	204	205	206	226	224
5	205	206	207	227	225
5	206	207	208	228	226
5	207	208	209	229	227
5	208	209	210	230	228
5	209	210	211	231	229
5	210	211	212	232	230
5	211	212	213	233	231
5	212	213	214	234	232
5	213	214	215	235	233
5	214	215	216	236	234
5	215	216	217	237	235
5	216	217	218	238	236
5	217	218	219	239	237
3	218	219	238
