0	-475.001	-1900	0
1000	-570.397	-1557.8	0
2000	-543.764	-1464.95	0
3000	-503.719	-1345.59	0
4000	-451.117	-1211.24	0
5000	-402.019	-945.513	0
6000	-372.201	-629.045	0
7000	-415.284	-658.808	0
8000	-509.29	-1025.13	0
9000	-540.698	-1270.26	0
10000	-614.634	-1563.45	0
11000	-668.385	-1746.36	0
12000	-679.507	-1792.91	0
13000	-722.374	-1899.96	0
14000	-731.226	-1867.6	0
15000	-690.894	-1736.16	0
16000	-635.054	-1533.05	0
17000	-593.255	-1326.21	0
18000	-577.446	-1228.88	0
19000	-514.839	-1095.49	0
20000	-484.138	-1013.96	0
21000	-536.877	-1087.94	0
22000	-543.552	-1144.47	0
23000	-564.807	-1274.29	0
24000	-608.959	-1402.83	0
25000	-633.303	-1495.29	0
26000	-645.927	-1558.92	0
27000	-677.935	-1703.88	0
28000	-675.787	-1693.48	0
29000	-658.78	-1646.76	0
30000	-637.327	-1575.1	0
31000	-625.533	-1526.01	0
32000	-608.425	-1461.57	0
33000	-578.871	-1382.35	0
34000	-568.063	-1344.89	0
35000	-577.698	-1315.76	0
36000	-572.652	-1296.81	0
37000	-568.878	-1264.49	0
38000	-593.775	-1326.74	0
39000	-596.158	-1369.17	0
40000	-601.983	-1428.15	0
41000	-618.914	-1489.63	0
42000	-624.333	-1533.99	0
43000	-603.442	-1498.73	0
44000	-602.4	-1506.93	0
45000	-578.829	-1457.64	0
46000	-565.844	-1458.23	0
47000	-562.384	-1445.9	0
48000	-550.763	-1371.24	0
49000	-548.824	-1347.03	0
50000	-541.434	-1322.62	0
51000	-541.175	-1336.02	0
52000	-539.929	-1326.22	0
53000	-560.479	-1356.88	0
54000	-571.884	-1393.19	0
55000	-588.814	-1470.16	0
56000	-588.834	-1500	0
57000	-587.594	-1549.9	0
58000	-605.789	-1597.59	0
59000	-602.987	-1580.92	0
60000	-579.557	-1538.66	0
61000	-572.541	-1544	0
62000	-580.418	-1516.68	0
63000	-585.199	-1501.05	0
64000	-562.469	-1469.4	0
65000	-556.926	-1459.34	0
66000	-549.838	-1394.97	0
67000	-532.637	-1331.99	0
68000	-514.74	-1329.08	0
69000	-520.481	-1377.01	0
70000	-542.183	-1441.83	0
71000	-552.477	-1461.49	0
72000	-542.97	-1430.29	0
73000	-521.36	-1367.27	0
74000	-530.403	-1406.19	0
75000	-565.696	-1497.73	0
76000	-576.214	-1534.27	0
77000	-560.989	-1509.76	0
78000	-541.273	-1463.5	0
79000	-547.205	-1439.03	0
80000	-554.178	-1462.15	0
81000	-541.443	-1466.53	0
82000	-549.854	-1517.36	0
83000	-582.319	-1541.63	0
84000	-571.679	-1459.13	0
85000	-537.836	-1457.42	0
86000	-551.074	-1490.57	0
87000	-561.65	-1503.51	0
88000	-543.984	-1429.86	0
89000	-538.902	-1358.56	0
90000	-512.432	-1285.36	0
91000	-485.511	-1259.47	0
92000	-505.974	-1287.37	0
93000	-543.61	-1342.27	0
94000	-564.054	-1424.29	0
95000	-570.345	-1495.37	0
96000	-570.683	-1450.6	0
97000	-577.019	-1452.84	0
98000	-578.222	-1553.74	0
99000	-601.461	-1573.92	0
100000	-627.941	-1537.3	0
101000	-585.642	-1494.95	0
102000	-538.109	-1356.15	0
103000	-584.196	-1475.82	0
104000	-542.736	-1379.89	0
105000	-503.746	-1346.88	0
106000	-504.109	-1330.26	0
107000	-512.032	-1327.36	0
108000	-482.374	-1203.29	0
109000	-498.336	-1238.94	0
110000	-512.187	-1315.5	0
111000	-502.844	-1319.94	0
112000	-529.65	-1389.92	0
113000	-522.118	-1340.19	0
114000	-518.168	-1353.14	0
115000	-523.872	-1375.46	0
116000	-542.813	-1404.38	0
117000	-549.376	-1351	0
118000	-547.87	-1393.85	0
119000	-559.751	-1450.33	0
120000	-535.162	-1378.5	0
121000	-524.414	-1381.21	0
122000	-525.607	-1325.18	0
123000	-509.284	-1346.11	0
124000	-486.561	-1257.8	0
125000	-491.006	-1224.1	0
126000	-477.369	-1167.44	0
127000	-500.286	-1235.51	0
128000	-473.905	-1163.05	0
129000	-475.058	-1185.13	0
130000	-492.331	-1280.51	0
131000	-524.332	-1381.65	0
132000	-541.873	-1363.54	0
133000	-564.192	-1453.85	0
134000	-556.33	-1504.59	0
135000	-539.828	-1451.79	0
136000	-544.625	-1434.08	0
137000	-527.778	-1394.15	0
138000	-512.257	-1336.99	0
139000	-499.821	-1257.97	0
140000	-523.736	-1310.84	0
141000	-482.525	-1144.24	0
142000	-490.967	-1181.94	0
143000	-505.417	-1262.12	0
144000	-479.745	-1215.46	0
145000	-523.325	-1314.71	0
146000	-547.039	-1367.92	0
147000	-522.598	-1390.05	0
148000	-532.858	-1402.36	0
149000	-541.945	-1413.41	0
150000	-520.467	-1345.25	0
151000	-517.307	-1325.31	0
152000	-529.541	-1384.21	0
153000	-500.504	-1221.21	0
154000	-495.569	-1256.13	0
155000	-473.642	-1221.49	0
156000	-481.753	-1193.04	0
157000	-510.291	-1245.12	0
158000	-493.069	-1239.09	0
159000	-489.875	-1279.42	0
160000	-512.535	-1307.64	0
161000	-540.48	-1393.84	0
162000	-535.5	-1364.33	0
163000	-528.94	-1328.81	0
164000	-549.92	-1423.71	0
165000	-533.831	-1357.19	0
166000	-509.087	-1323.96	0
167000	-520.931	-1307.31	0
168000	-496.952	-1191.21	0
169000	-482.248	-1202.71	0
170000	-498.536	-1232.8	0
171000	-512.612	-1280.67	0
172000	-486.755	-1228.47	0
173000	-494.761	-1265.06	0
174000	-519.979	-1336.29	0
175000	-505.377	-1286.03	0
176000	-501.465	-1269.38	0
177000	-528.235	-1362.54	0
178000	-534.789	-1360.83	0
179000	-534.809	-1388.4	0
180000	-535.62	-1380.1	0
181000	-515.133	-1314.82	0
182000	-493.929	-1266.94	0
183000	-494.479	-1240.18	0
184000	-492.669	-1234.45	0
185000	-492.338	-1221.55	0
186000	-498.706	-1222	0
187000	-493.727	-1207.82	0
188000	-493.402	-1246.73	0
189000	-498.208	-1267.18	0
190000	-528.131	-1337.49	0
191000	-531.565	-1336.12	0
192000	-523.615	-1366.07	0
193000	-514.117	-1332.09	0
194000	-525.496	-1336.56	0
195000	-512.909	-1261.67	0
196000	-493.329	-1224.18	0
197000	-484.838	-1191.29	0
198000	-488.739	-1162.8	0
199000	-492.524	-1199.85	0
200000	-492.473	-1199.81	0
201000	-507.169	-1233.42	0
202000	-499.469	-1216.24	0
203000	-513.158	-1283.04	0
204000	-519.129	-1306.61	0
205000	-520.081	-1305.47	0
206000	-517.425	-1284.97	0
207000	-512.642	-1284.33	0
208000	-515.695	-1282.88	0
209000	-512.458	-1275.42	0
210000	-491.875	-1213.71	0
211000	-511.545	-1249.2	0
212000	-502.125	-1211.53	0
213000	-485.469	-1182.34	0
214000	-491.601	-1187.35	0
215000	-490.568	-1179.16	0
216000	-487.591	-1191.34	0
217000	-485.648	-1193.99	0
218000	-500.931	-1241.74	0
219000	-508.678	-1283.08	0
220000	-513.467	-1325.04	0
221000	-499.973	-1268.75	0
222000	-502.465	-1286.49	0
223000	-510.057	-1310.94	0
224000	-495.124	-1244.36	0
225000	-501.125	-1259.39	0
226000	-499.002	-1243.3	0
227000	-503.357	-1248.82	0
228000	-500.461	-1266.81	0
229000	-504.036	-1279.25	0
230000	-496.446	-1251.76	0
231000	-485.125	-1219.68	0
232000	-492.733	-1215.52	0
233000	-497.462	-1241.79	0
234000	-500.088	-1247.36	0
235000	-514.248	-1276.63	0
236000	-492.768	-1223.29	0
237000	-496.164	-1230.17	0
238000	-510.283	-1272.37	0
239000	-499.085	-1242.02	0
240000	-506.812	-1253.96	0
241000	-511.403	-1261.37	0
242000	-498.234	-1231.62	0
243000	-494.506	-1210.18	0
244000	-506.195	-1242.97	0
245000	-496.148	-1214.82	0
246000	-490.629	-1211.75	0
247000	-493.915	-1208.35	0
248000	-499.61	-1212.35	0
249000	-491.322	-1215.19	0
250000	-487.88	-1205.16	0
251000	-502.697	-1224.37	0
252000	-504.65	-1221.6	0
253000	-510	-1250.99	0
254000	-503.881	-1298.72	0
255000	-503.058	-1284.78	0
256000	-521.83	-1251.36	0
257000	-523.268	-1269.58	0
258000	-497.691	-1249.3	0
259000	-494.163	-1241.41	0
260000	-499.588	-1225.81	0
261000	-495.921	-1235.78	0
262000	-493.289	-1219.44	0
263000	-497.269	-1185.17	0
264000	-493.052	-1181.42	0
265000	-489.459	-1205.98	0
266000	-507.118	-1271.1	0
267000	-498.901	-1220.41	0
268000	-505.015	-1226.46	0
269000	-496.723	-1207.81	0
270000	-502.207	-1261.32	0
271000	-496.685	-1218.58	0
272000	-499.47	-1216.37	0
273000	-498.336	-1205.11	0
274000	-495.118	-1219.4	0
275000	-489.96	-1194.48	0
276000	-499.643	-1195.69	0
277000	-499.152	-1211.76	0
278000	-496.434	-1219.76	0
279000	-496.493	-1211.51	0
280000	-498.466	-1203.07	0
281000	-499.824	-1225.81	0
282000	-496.733	-1224.21	0
283000	-503.592	-1228.91	0
284000	-501.701	-1205.26	0
285000	-497.883	-1216.89	0
286000	-492.391	-1212.17	0
287000	-496.839	-1219.01	0
288000	-502.942	-1208.96	0
289000	-496.477	-1193.27	0
290000	-494.039	-1214.75	0
291000	-494.383	-1219.41	0
292000	-488.917	-1191.32	0
293000	-494.598	-1200.93	0
294000	-498.207	-1211.89	0
295000	-492.116	-1187.05	0
296000	-496.167	-1203.77	0
297000	-500.91	-1219.47	0
298000	-497.115	-1228.25	0
299000	-497.823	-1230.23	0
300000	-496.249	-1213.44	0
301000	-484.977	-1176.46	0
302000	-491.825	-1197.97	0
303000	-499.229	-1210.5	0
304000	-496.892	-1199.58	0
305000	-490.437	-1182.97	0
306000	-485.686	-1190.06	0
307000	-485.74	-1192.94	0
308000	-498.17	-1238.84	0
309000	-488.194	-1195.21	0
310000	-487.465	-1201.44	0
311000	-488.174	-1219.49	0
312000	-484.02	-1182.82	0
313000	-491.01	-1206.4	0
314000	-488.002	-1209.73	0
315000	-487.706	-1215.29	0
316000	-494.7	-1232.85	0
317000	-486.19	-1188.44	0
318000	-489.143	-1208.19	0
319000	-495.767	-1235.47	0
320000	-490.085	-1221.88	0
321000	-492.592	-1222.78	0
322000	-499.757	-1239.19	0
323000	-488.411	-1216.16	0
324000	-483.84	-1185.34	0
325000	-488.156	-1191.45	0
326000	-479.787	-1190.96	0
327000	-483.065	-1206.14	0
328000	-496.919	-1217.52	0
329000	-491.06	-1192	0
330000	-486.283	-1212.93	0
331000	-494.243	-1236.21	0
332000	-486.161	-1198.63	0
333000	-485.352	-1200.59	0
334000	-489.325	-1209.55	0
335000	-482.627	-1205.34	0
336000	-481.737	-1188.29	0
337000	-490.7	-1211.25	0
338000	-482.768	-1200.53	0
339000	-484.263	-1214.63	0
340000	-488.887	-1218.01	0
341000	-488.591	-1210	0
342000	-494.677	-1225.42	0
343000	-491.599	-1207.56	0
344000	-480.509	-1196.98	0
345000	-488.574	-1216.69	0
346000	-489.165	-1211.26	0
347000	-480.478	-1186.65	0
348000	-490.391	-1223.47	0
349000	-492.363	-1239.37	0
350000	-487.499	-1223.78	0
351000	-486.223	-1201.67	0
352000	-488.028	-1182.39	0
353000	-481.572	-1189.8	0
354000	-482.43	-1215.06	0
355000	-484.515	-1215.24	0
356000	-479.939	-1185.16	0
357000	-484.616	-1179.85	0
358000	-484.385	-1190.84	0
359000	-485.494	-1210.49	0
360000	-487.503	-1225.12	0
361000	-488.801	-1232.93	0
362000	-484.293	-1200.83	0
363000	-490.043	-1202.1	0
364000	-490.074	-1215.82	0
365000	-489.211	-1220.13	0
366000	-487.239	-1215.87	0
367000	-481.816	-1204.43	0
368000	-485.103	-1196.65	0
369000	-487.158	-1199.39	0
370000	-486.219	-1211.06	0
371000	-485.502	-1217.2	0
372000	-483.682	-1210.25	0
373000	-490.939	-1223.44	0
374000	-489.902	-1211.57	0
375000	-483.813	-1201.89	0
376000	-486.396	-1206.11	0
377000	-483.477	-1206.3	0
378000	-483.394	-1208.22	0
379000	-485.229	-1213.23	0
380000	-481.534	-1205.65	0
381000	-487.721	-1224.82	0
382000	-489.705	-1216.42	0
383000	-487.629	-1221.31	0
384000	-488.1	-1227.66	0
385000	-482.564	-1205.86	0
386000	-480.006	-1193.97	0
387000	-484.621	-1194.34	0
388000	-482.46	-1192.3	0
389000	-478.945	-1193.58	0
390000	-480.732	-1205.88	0
391000	-483.231	-1207.96	0
392000	-486.831	-1209.76	0
393000	-493.034	-1222.77	0
394000	-489.18	-1221.49	0
395000	-484.914	-1214.35	0
396000	-481.81	-1199.61	0
397000	-485.481	-1200.08	0
398000	-487.231	-1193.15	0
399000	-480.198	-1189.51	0
400000	-477.681	-1194.12	0
401000	-484.365	-1209.86	0
402000	-483.329	-1198.47	0
403000	-489.105	-1219.27	0
404000	-487.203	-1213.71	0
405000	-480.473	-1190.76	0
406000	-484.383	-1204.06	0
407000	-483.929	-1200.78	0
408000	-478.918	-1188.15	0
409000	-482.703	-1198.14	0
410000	-484.343	-1204.52	0
411000	-482.173	-1202.78	0
412000	-487.199	-1203.65	0
413000	-484.28	-1198.13	0
414000	-479.786	-1207.5	0
415000	-486.843	-1218.41	0
416000	-481.59	-1197.26	0
417000	-481.941	-1193.27	0
418000	-484.157	-1199.17	0
419000	-481.887	-1202.96	0
420000	-480.315	-1202.57	0
421000	-484.328	-1203.91	0
422000	-482.929	-1194.93	0
423000	-483	-1209.85	0
424000	-483.048	-1200.75	0
425000	-485.079	-1202.75	0
426000	-481.931	-1197.39	0
427000	-480.595	-1199.95	0
428000	-482.344	-1197.03	0
429000	-481.132	-1196.78	0
430000	-477.888	-1188.68	0
431000	-483.079	-1202.74	0
432000	-480.968	-1196.22	0
433000	-482	-1196.93	0
434000	-485.879	-1202.84	0
435000	-482.174	-1200.18	0
436000	-478.539	-1194.63	0
437000	-484.045	-1203.3	0
438000	-482.492	-1192.2	0
439000	-479.005	-1189.08	0
440000	-481.046	-1195.34	0
441000	-480.643	-1193.98	0
442000	-480.344	-1194.43	0
443000	-481.534	-1195.99	0
444000	-481.144	-1193.47	0
445000	-480.742	-1195.05	0
446000	-481.409	-1194.38	0
447000	-482.201	-1197.58	0
448000	-481.464	-1193.19	0
449000	-481.769	-1191.66	0
450000	-480.049	-1188.73	0
451000	-479.741	-1193.53	0
452000	-477.706	-1185.02	0
453000	-478.154	-1181.49	0
454000	-480.977	-1191.06	0
455000	-478.237	-1186.74	0
456000	-480.257	-1189.06	0
457000	-482.677	-1192.54	0
458000	-480.615	-1192.1	0
459000	-481.231	-1192.26	0
460000	-479.348	-1188.48	0
461000	-480.253	-1189.64	0
462000	-480.893	-1187.25	0
463000	-478.31	-1184.74	0
464000	-480	-1188.97	0
465000	-478.587	-1187.66	0
466000	-479.851	-1187.09	0
467000	-482.2	-1195.02	0
468000	-478.328	-1185.6	0
469000	-480.295	-1186.43	0
470000	-481.911	-1191.36	0
471000	-478.909	-1186.12	0
472000	-478.843	-1186.72	0
473000	-480.919	-1191.65	0
474000	-479.165	-1185.4	0
475000	-481.447	-1194.22	0
476000	-480.532	-1189.86	0
477000	-479.225	-1186.7	0
478000	-479.478	-1186.37	0
479000	-479.095	-1185.02	0
480000	-479.298	-1187.2	0
481000	-479.693	-1187.73	0
482000	-479.561	-1188.36	0
483000	-480.683	-1188.88	0
484000	-481.166	-1191.59	0
485000	-480.111	-1191.72	0
486000	-481.45	-1194.09	0
487000	-479.832	-1188.8	0
488000	-479.441	-1189.58	0
489000	-480.562	-1191.17	0
490000	-479.553	-1187.19	0
491000	-479.434	-1185.23	0
492000	-479.274	-1188.87	0
493000	-480.684	-1189.7	0
494000	-480.306	-1188.22	0
495000	-479.646	-1186.94	0
496000	-479.754	-1189.3	0
497000	-480.077	-1190.85	0
498000	-480.169	-1188.96	0
499000	-480.386	-1190.29	0
500000	-481.734	-1194.06	0
501000	-481.156	-1193.1	0
502000	-479.129	-1185.83	0
503000	-479.952	-1191.5	0
504000	-479.686	-1188.32	0
505000	-479.31	-1185.33	0
506000	-479.493	-1186.87	0
507000	-479.393	-1186.08	0
508000	-480.695	-1190.35	0
509000	-480.524	-1189.93	0
510000	-479.864	-1190.64	0
511000	-480.344	-1189.03	0
512000	-481.307	-1192.49	0
513000	-479.742	-1189.78	0
514000	-480.461	-1188.95	0
515000	-479.102	-1185.11	0
516000	-478.353	-1185.12	0
517000	-479.769	-1187.15	0
518000	-480.768	-1190.57	0
519000	-480.638	-1189.6	0
520000	-480.521	-1190.53	0
521000	-480.405	-1191.76	0
522000	-480.663	-1191.91	0
523000	-479.699	-1189.68	0
524000	-479.739	-1186.63	0
525000	-480.375	-1188.38	0
526000	-480.053	-1190.21	0
527000	-479.921	-1189.06	0
528000	-480.541	-1191.91	0
529000	-480.343	-1188.5	0
530000	-480.309	-1188.41	0
531000	-480.349	-1189.84	0
532000	-478.601	-1185.96	0
533000	-479.801	-1187.29	0
534000	-481.425	-1192.37	0
535000	-478.674	-1187.91	0
536000	-480.541	-1191.34	0
537000	-481.993	-1191.4	0
538000	-480.272	-1190.58	0
539000	-479.672	-1190.73	0
540000	-479.835	-1189.04	0
541000	-479.195	-1184.6	0
542000	-480.106	-1187.74	0
543000	-479.945	-1188.76	0
544000	-479.462	-1187.4	0
545000	-480.452	-1189.45	0
546000	-480.841	-1193.19	0
547000	-480.309	-1192.27	0
548000	-480.629	-1190.42	0
549000	-479.885	-1186.11	0
550000	-479.586	-1187.67	0
551000	-479.888	-1189.1	0
552000	-481.049	-1190.4	0
553000	-479.069	-1186.35	0
554000	-479.277	-1190.13	0
555000	-480.994	-1191.69	0
556000	-479.589	-1186.31	0
557000	-481.209	-1190.3	0
558000	-479.098	-1185.97	0
559000	-479.992	-1190.94	0
560000	-479.584	-1188.91	0
561000	-481.131	-1192.66	0
562000	-481.141	-1190.11	0
563000	-481.119	-1191.64	0
564000	-479.27	-1189.38	0
565000	-480.055	-1188.63	0
566000	-480.117	-1188.09	0
567000	-480.459	-1187.6	0
568000	-480.583	-1190.85	0
569000	-481.012	-1188.97	0
570000	-480.861	-1189.15	0
571000	-479.427	-1190.22	0
572000	-481.031	-1194.16	0
573000	-480.599	-1190.47	0
574000	-481.028	-1188.2	0
575000	-481.969	-1193.83	0
576000	-479.81	-1189.88	0
577000	-480.668	-1191.24	0
578000	-480.244	-1188.93	0
579000	-479.359	-1184.64	0
580000	-481.21	-1188.89	0
581000	-479.931	-1188.77	0
582000	-480.014	-1191.59	0
583000	-481.358	-1190.75	0
584000	-480.827	-1189.29	0
585000	-480.413	-1191.46	0
586000	-480.545	-1190.74	0
587000	-480.284	-1188.2	0
588000	-480.697	-1191.42	0
589000	-480.672	-1187.38	0
590000	-479.648	-1184.83	0
591000	-479.61	-1190.21	0
592000	-480.192	-1189.23	0
593000	-479.475	-1186.65	0
594000	-481.919	-1193.07	0
595000	-482.581	-1196.25	0
596000	-479.277	-1185.78	0
597000	-479.589	-1188.33	0
598000	-480.819	-1193.25	0
599000	-480.783	-1189.4	0
600000	-480.778	-1188.63	0
601000	-479.74	-1188.29	0
602000	-480.377	-1189.23	0
603000	-479.795	-1186.49	0
604000	-480.311	-1189.43	0
605000	-480.67	-1190.05	0
606000	-480.601	-1189.61	0
607000	-481.18	-1191.99	0
608000	-480.624	-1190.84	0
609000	-479.312	-1186.99	0
610000	-480.403	-1189.15	0
611000	-481.294	-1191.13	0
612000	-478.983	-1186.51	0
613000	-481.572	-1190.82	0
614000	-480.074	-1188.09	0
615000	-479.434	-1188.37	0
616000	-481.403	-1191.87	0
617000	-481.25	-1190.07	0
618000	-479.421	-1187.99	0
619000	-479.806	-1190.51	0
620000	-481.274	-1189.72	0
621000	-480.772	-1190.33	0
622000	-479.756	-1187.81	0
623000	-480.655	-1189.37	0
624000	-479.744	-1187.88	0
625000	-480.502	-1191.01	0
626000	-480.345	-1188.69	0
627000	-480.619	-1188.47	0
628000	-480.901	-1189.28	0
629000	-480.141	-1191.43	0
630000	-478.82	-1186.31	0
631000	-480.765	-1190.69	0
632000	-482.387	-1193.04	0
633000	-480.868	-1190.69	0
634000	-479.365	-1187.38	0
635000	-479.831	-1187.62	0
636000	-480.518	-1189.89	0
637000	-480.322	-1188.85	0
638000	-481.182	-1190.81	0
639000	-480.017	-1189.1	0
640000	-479.281	-1186.74	0
641000	-481.557	-1191.09	0
642000	-480.932	-1190.79	0
643000	-479.166	-1188.76	0
644000	-480.549	-1190.04	0
645000	-481.045	-1190.06	0
646000	-481.105	-1189.3	0
647000	-479.922	-1188.79	0
648000	-479.431	-1188.47	0
649000	-480.63	-1189.58	0
650000	-480.576	-1190.22	0
651000	-480.148	-1188.84	0
652000	-481.189	-1191.42	0
653000	-480.495	-1188.64	0
654000	-480.226	-1189.59	0
655000	-480.398	-1190.48	0
656000	-479.568	-1188.71	0
657000	-480.626	-1188.03	0
658000	-481.319	-1191.87	0
659000	-479.615	-1187.55	0
660000	-480.734	-1189.89	0
661000	-480.962	-1191.63	0
662000	-479.778	-1189.62	0
663000	-480.026	-1187.95	0
664000	-481.829	-1190.99	0
665000	-479.845	-1188	0
666000	-479.463	-1188.8	0
667000	-481.139	-1191.15	0
668000	-480.569	-1188.99	0
669000	-479.941	-1188.74	0
670000	-481.03	-1192.41	0
671000	-481.143	-1189.6	0
672000	-480.007	-1189	0
673000	-479.965	-1190.17	0
674000	-481.147	-1190.53	0
675000	-480.164	-1188.19	0
676000	-480.04	-1189.06	0
677000	-480.301	-1188.95	0
678000	-480.622	-1188.94	0
679000	-480.575	-1190.84	0
680000	-479.923	-1188.84	0
681000	-481.639	-1192.22	0
682000	-480.527	-1189.13	0
683000	-479.948	-1189.77	0
684000	-480.079	-1188.91	0
685000	-480.747	-1189.62	0
686000	-480.718	-1189.8	0
687000	-480.436	-1189.57	0
688000	-480.226	-1190.17	0
689000	-480.247	-1189.84	0
690000	-480.856	-1189.11	0
691000	-480.887	-1190.21	0
692000	-479.816	-1188.62	0
693000	-479.953	-1189.1	0
694000	-481.279	-1190.09	0
695000	-480.949	-1192.64	0
696000	-479.643	-1189.18	0
697000	-480.705	-1188.78	0
698000	-480.924	-1189.21	0
699000	-480.363	-1190.02	0
700000	-479.981	-1190.41	0
701000	-480.91	-1189.91	0
702000	-480.003	-1188.32	0
703000	-480.575	-1188.53	0
704000	-480.509	-1189.99	0
705000	-480.47	-1190.86	0
706000	-480.559	-1190.56	0
707000	-480.461	-1189.19	0
708000	-480.601	-1190.44	0
709000	-480.699	-1191.67	0
710000	-481.036	-1187.92	0
711000	-480.029	-1189.18	0
712000	-479.666	-1189.59	0
713000	-480.59	-1189.94	0
714000	-480.294	-1187.89	0
715000	-480.603	-1188.75	0
716000	-480.845	-1191.95	0
717000	-480.528	-1189.85	0
718000	-480.507	-1190.3	0
719000	-480.444	-1190.64	0
720000	-480.677	-1189.8	0
721000	-480.424	-1188.16	0
722000	-480.398	-1190.41	0
723000	-480.007	-1188.67	0
724000	-480.599	-1189.17	0
725000	-480.778	-1189.63	0
726000	-480.496	-1190.46	0
727000	-480.086	-1190.71	0
728000	-480.808	-1188.62	0
729000	-480.69	-1190.12	0
730000	-480.056	-1189.25	0
731000	-481.058	-1188.65	0
732000	-479.086	-1185.26	0
733000	-479.715	-1190.26	0
734000	-481.001	-1189.93	0
735000	-481.496	-1189.97	0
736000	-479.842	-1188.2	0
737000	-480.205	-1190.62	0
738000	-480.589	-1190.57	0
739000	-480.48	-1189.1	0
740000	-481.112	-1191.38	0
741000	-480.164	-1188.78	0
742000	-480.015	-1188.84	0
743000	-481.029	-1189.35	0
744000	-480.474	-1188.83	0
745000	-479.804	-1188.47	0
746000	-480.193	-1190.65	0
747000	-480.891	-1190.01	0
748000	-480.647	-1187.44	0
749000	-480.618	-1190.31	0
750000	-479.832	-1190.01	0
751000	-480.139	-1189.83	0
752000	-480.468	-1187.2	0
753000	-480.724	-1190.17	0
754000	-480.43	-1188.23	0
755000	-480.314	-1190.16	0
756000	-480.709	-1190.27	0
757000	-480.623	-1190.35	0
758000	-479.735	-1187.7	0
759000	-481.088	-1190.2	0
760000	-480.308	-1189.72	0
761000	-480.02	-1188.07	0
762000	-480.733	-1190	0
763000	-480.803	-1190.48	0
764000	-479.951	-1189.23	0
765000	-480.506	-1189	0
766000	-481.177	-1190.24	0
767000	-480.54	-1189.91	0
768000	-479.669	-1188.45	0
769000	-479.833	-1188.16	0
770000	-480.908	-1190.46	0
771000	-480.78	-1190.17	0
772000	-480.273	-1187.44	0
773000	-480.18	-1189.22	0
774000	-479.878	-1188.2	0
775000	-480.697	-1188.78	0
776000	-480.964	-1191.17	0
777000	-480.299	-1190.84	0
778000	-480.348	-1188.66	0
779000	-481.315	-1191.53	0
780000	-480.536	-1190.5	0
781000	-480.432	-1189.93	0
782000	-479.898	-1187.75	0
783000	-480.091	-1188.52	0
784000	-480.744	-1188.74	0
785000	-480.117	-1187.28	0
786000	-480.016	-1188.93	0
787000	-480.614	-1189.19	0
788000	-479.627	-1187.89	0
789000	-480.869	-1191.22	0
790000	-481.655	-1192.95	0
791000	-480.028	-1188.55	0
792000	-480.585	-1190.17	0
793000	-481.078	-1191.76	0
794000	-479.811	-1186.26	0
795000	-480.142	-1188.48	0
796000	-480.135	-1188.5	0
797000	-480.161	-1188.55	0
798000	-480.84	-1188.64	0
799000	-480.474	-1190.48	0
800000	-480.094	-1189.71	0
