0.0525	0.0775	0	
0	-100	-400.001	0
1000	-136.031	-358.145	0
2000	-141.733	-391.55	0
3000	-116.311	-294.33	0
4000	-83.0704	-161.76	0
5000	-35.4086	-51.0007	0
6000	-46.1652	-62.7106	0
7000	-76.3246	-109.328	0
8000	-148.057	-232.754	0
9000	-207.591	-374.461	0
10000	-218.845	-429.239	0
11000	-201.856	-409.759	0
12000	-216.617	-462.751	0
13000	-276.9	-627.643	0
14000	-289.401	-647.58	0
15000	-272.322	-570.225	0
16000	-289.357	-585.01	0
17000	-254.331	-520.936	0
18000	-239.516	-485.736	0
19000	-275.893	-557.863	0
20000	-262.058	-537.32	0
21000	-241.66	-506.689	0
22000	-280.423	-613.676	0
23000	-305.074	-700.648	0
24000	-319.909	-752.32	0
25000	-363.539	-864.971	0
26000	-397.678	-956.61	0
27000	-423.631	-1014.4	0
28000	-462.49	-1096.13	0
29000	-492.375	-1154.1	0
30000	-508.422	-1182.54	0
31000	-528.13	-1216.22	0
32000	-515.151	-1182.53	0
33000	-465.846	-1086.66	0
34000	-422.052	-1008.31	0
35000	-386.403	-947.662	0
36000	-365.102	-917.657	0
37000	-397.185	-1013.95	0
38000	-431.048	-1110.82	0
39000	-407.729	-1058.29	0
40000	-387.363	-1006.37	0
41000	-407.551	-1052.44	0
42000	-446.209	-1142.43	0
43000	-461.346	-1168.67	0
44000	-430.513	-1082.08	0
45000	-385.681	-960.31	0
46000	-363.224	-893.633	0
47000	-341.927	-835.475	0
48000	-280.3	-682.422	0
49000	-226.282	-550.603	0
50000	-235.285	-574.247	0
51000	-238.763	-585.495	0
52000	-187.541	-461.508	0
53000	-171.368	-421.833	0
54000	-211.541	-519.196	0
55000	-212.309	-523.097	0
56000	-208.868	-514.195	0
57000	-207.785	-507.472	0
58000	-217.776	-550.908	0
59000	-204.815	-512.249	0
60000	-192.888	-479.402	0
61000	-160.342	-391.896	0
62000	-56.859	-139.516	0
63000	-86.2657	-213.911	0
64000	-63.8508	-156.951	0
65000	-65.0029	-165.467	0
66000	-30.0552	-77.7483	0
67000	-29.3366	-76.1225	0
68000	-206.216	-551.851	0
69000	-202.711	-542.556	0
70000	-164.741	-448.281	0
71000	-162.85	-445.855	0
72000	0.490232	1.21763	0
73000	0.899287	2.27973	0
74000	0.230426	0.579086	0
75000	0.42049	1.05294	0
76000	0.274399	0.688392	0
77000	0.134562	0.330964	0
78000	-0.692064	-1.67965	0
79000	-57.1488	-137.078	0
80000	-66.5027	-159.702	0
81000	-113.577	-278.034	0
82000	-84.8728	-209.592	0
83000	-67.368	-167.314	0
84000	-59.1268	-147.511	0
85000	-116.943	-295.123	0
86000	0.129936	0.330299	0
87000	-20.7856	-53.0938	0
88000	0.291968	0.745419	0
89000	-0.0723674	-1.79294	0
90000	0.391266	0.97998	0
91000	-0.287528	-0.717956	0
92000	-0.0785409	-0.19661	0
93000	1.01821	2.55482	0
94000	1.25412	3.14612	0
95000	0.752613	1.88044	0
96000	0.0474108	0.117926	0
97000	-0.4133	-1.02869	0
98000	0.147953	0.36951	0
99000	0.229385	0.578769	0
100000	0.213174	0.540584	0
101000	0.738119	1.88325	0
102000	1.03329	2.66181	0
103000	-0.079689	-2.65371	0
104000	0.255015	0.661897	0
105000	1.16226	3.03916	0
106000	-0.389567	-1.01811	0
107000	1.15466	3.02774	0
108000	0.621471	1.64085	0
109000	-0.037848	-2.207	0
110000	-0.112048	-0.299786	0
111000	-0.256873	-0.690129	0
112000	0.823054	2.21652	0
113000	-0.284587	-0.769284	0
114000	0.210376	0.572063	0
115000	-5.64302	-15.4086	0
116000	-23.33	-63.8747	0
117000	0.717105	1.97434	0
118000	-0.00310292	-2.50619	0
119000	-0.0723868	-0.20029	0
120000	-0.226572	-0.627513	0
121000	0.335032	0.927687	0
122000	-1.5042	-4.15146	0
123000	-12.8015	-35.2496	0
124000	-0.399222	-1.1012	0
125000	-41.3242	-114.204	0
126000	-173.247	-478.39	0
127000	-157.114	-431.683	0
128000	-21.4182	-58.5543	0
129000	0.976969	2.66534	0
130000	-11.8124	-32.1471	0
131000	-35.2681	-95.4548	0
132000	-39.6156	-106.771	0
133000	-25.0122	-67.4106	0
134000	-15.9628	-43.003	0
135000	-5.98144	-16.1099	0
136000	0.0655795	0.176135	0
137000	0.0371426	0.099825	0
138000	0.533804	1.44029	0
139000	-0.697363	-1.89214	0
140000	-30.1147	-81.9362	0
141000	-6.80447	-18.5166	0
142000	-0.392527	-1.06947	0
143000	1.0247	2.78534	0
144000	0.192087	0.519379	0
145000	1.30677	3.53553	0
146000	1.14236	3.1012	0
147000	0.159193	0.438379	0
148000	0.910741	2.51545	0
149000	-0.00132586	-1.61559	0
150000	0.359321	0.992726	0
151000	1.23067	3.40498	0
152000	-0.000118696	-1.03319	0
153000	0.169892	0.47057	0
154000	0.887445	2.4574	0
155000	1.13204	3.13542	0
156000	0.732182	2.0279	0
157000	0.255232	0.706898	0
158000	0.706126	1.95419	0
159000	-0.000686752	-0.997621	0
160000	-0.000286045	-2.10462	0
161000	-4.71995e-06	-1.69099	0
162000	-3.80065e-06	-1.88261	0
163000	0.402339	1.11438	0
164000	-1.08064e-05	-1.92176	0
165000	-0.252716	-0.699457	0
166000	-10.1769	-28.1041	0
167000	-48.2821	-132.985	0
168000	-53.2338	-146.999	0
169000	-95.491	-264.137	0
170000	-94.3042	-260.825	0
171000	-50.3643	-139.234	0
172000	-40.1992	-111.056	0
173000	-72.5319	-200.067	0
174000	-123.669	-340.507	0
175000	-206.921	-570.245	0
176000	-260.004	-718.284	0
177000	-226.778	-627.241	0
178000	-183.075	-506.377	0
179000	-200.439	-554.501	0
180000	-110.215	-305.276	0
181000	0.322437	0.892792	0
182000	-44.3534	-122.842	0
183000	-46.8586	-129.776	0
184000	-9.68787	-26.8289	0
185000	-107.604	-298.041	0
186000	-194.083	-537.566	0
187000	-182.678	-505.933	0
188000	-269.699	-746.996	0
189000	-350.84	-971.762	0
190000	-227.452	-629.907	0
191000	-198.289	-548.277	0
192000	-253.245	-699.016	0
193000	-162.07	-447.57	0
194000	-67.5198	-186.861	0
195000	-119.453	-330.813	0
196000	-226.568	-627.533	0
197000	-267.089	-739.614	0
198000	-297.218	-822.724	0
199000	-270.525	-748.689	0
200000	-172.838	-478.041	0
201000	-179.883	-497.057	0
202000	-275.322	-760.377	0
203000	-219.706	-606.386	0
204000	-162.055	-446.648	0
205000	-257.735	-709	0
206000	-311.621	-854.736	0
207000	-261.045	-712.944	0
208000	-269.684	-734.334	0
209000	-302.197	-820.455	0
210000	-288.349	-780.686	0
211000	-208.288	-563.793	0
212000	1.94169	5.36877	0
213000	1.97573	5.4608	0
214000	1.45731	4.02827	0
215000	-0.00334533	-2.88696	0
216000	1.6151	4.45705	0
217000	-0.00443899	-2.93194	0
218000	1.20166	3.31598	0
219000	-0.315362	-0.870474	0
220000	-0.0846204	-0.233725	0
221000	-0.356402	-0.984503	0
222000	0.662736	1.82964	0
223000	-0.141757	-0.391159	0
224000	0.140147	0.386682	0
225000	1.21676	3.35935	0
226000	-0.0169207	-0.0466685	0
227000	1.23574	3.40008	0
228000	-0.00626068	-2.96714	0
229000	-0.00326194	-2.85032	0
230000	0.898774	2.48277	0
231000	0.884331	2.44023	0
232000	1.22498	3.37264	0
233000	0.903999	2.48983	0
234000	0.369853	1.01956	0
235000	-0.174339	-0.480184	0
236000	0.443885	1.22165	0
237000	1.29123	3.5552	0
238000	1.55899	4.29243	0
239000	-0.00667959	-3.10858	0
240000	-0.0614033	-0.169246	0
241000	0.337145	0.92898	0
242000	1.52074	4.19359	0
243000	-0.00451988	-2.08152	0
244000	0.422924	1.16397	0
245000	1.28507	3.53908	0
246000	-0.0023771	-1.4512	0
247000	-0.00265018	-2.7311	0
248000	1.53602	4.25241	0
249000	1.15028	3.18602	0
250000	-0.00106622	-1.85763	0
251000	-0.00816598	-3.59613	0
252000	0.00553382	0.450784	0
253000	-0.0512519	-3.11702	0
254000	1.47371	3.91305	0
255000	1.21325	3.18199	0
256000	-0.0772176	-3.05323	0
257000	1.30215	3.37696	0
258000	0.855798	2.20168	0
259000	0.917678	2.34804	0
260000	0.671355	1.70827	0
261000	0.917198	2.34469	0
262000	0.103037	0.264836	0
263000	-0.0598322	-0.155094	0
264000	0.105099	0.272352	0
265000	0.295776	0.76391	0
266000	0.778702	1.99792	0
267000	-0.0814806	-0.208498	0
268000	0.870907	2.22715	0
269000	1.28169	3.2624	0
270000	-0.283594	-0.717493	0
271000	0.404075	1.01733	0
272000	0.120787	0.30172	0
273000	1.4124	3.50148	0
274000	0.528545	1.30417	0
275000	-0.0933172	-0.230065	0
276000	1.09114	2.66871	0
277000	0.748507	1.83316	0
278000	0.294906	0.720102	0
279000	-0.182789	-3.10131	0
280000	-0.521305	-1.27102	0
281000	1.93757	4.73007	0
282000	-0.448188	-1.09787	0
283000	0.792234	1.94699	0
284000	1.15722	2.84978	0
285000	0.865396	2.15134	0
286000	-0.196583	-0.494279	0
287000	1.42862	3.61728	0
288000	0.826803	2.11558	0
289000	0.369064	1.00567	0
290000	-0.0104303	-2.03643	0
291000	-0.0118986	-2.91443	0
292000	1.22929	3.36448	0
293000	0.866157	2.36845	0
294000	0.419741	1.14548	0
295000	1.58802	4.3259	0
296000	0.708531	1.93745	0
297000	-0.0095321	-2.51278	0
298000	-0.00608543	-1.40078	0
299000	-0.0123331	-2.86603	0
300000	0.11108	0.305253	0
301000	-0.00872884	-2.53144	0
302000	1.1419	3.13628	0
303000	0.861303	2.3724	0
304000	1.29591	3.5741	0
305000	1.21172	3.35048	0
306000	0.184582	0.510534	0
307000	0.965392	2.66857	0
308000	-0.00162008	-1.87454	0
309000	-0.00147848	-2.80336	0
310000	1.51354	4.19081	0
311000	-0.603742	-1.67191	0
312000	0.896439	2.38353	0
313000	-6.33602	-16.5922	0
314000	-0.592778	-1.54318	0
315000	1.71408	4.42583	0
316000	-34.3801	-87.5891	0
317000	-31.3636	-79.3297	0
318000	-90.9802	-230.107	0
319000	-129.219	-325.449	0
320000	-34.906	-89.8075	0
321000	0.978415	2.49076	0
322000	-0.971811	-2.47401	0
323000	-0.295591	-0.760632	0
324000	0.0594272	0.153726	0
325000	-0.0688764	-0.178474	0
326000	1.08623	2.80876	0
327000	-2.25602	-5.75245	0
328000	-65.4665	-162.91	0
329000	0.508475	1.25421	0
330000	-8.05409	-19.918	0
331000	-93.9449	-235.028	0
332000	-91.7667	-231.359	0
333000	-24.9698	-62.6839	0
334000	0.947906	2.36046	0
335000	-19.2587	-47.6797	0
336000	-13.7171	-33.6339	0
337000	0.0469686	0.114807	0
338000	0.761164	1.83808	0
339000	-12.1033	-28.7352	0
340000	-27.679	-64.7929	0
341000	-46.6232	-110.2	0
342000	-41.6623	-98.4697	0
343000	-10.6306	-24.7965	0
344000	-49.7242	-115.779	0
345000	-45.436	-107.092	0
346000	-36.3932	-86.5265	0
347000	-11.9192	-28.0058	0
348000	-9.03337	-20.9079	0
349000	-47.2273	-109.491	0
350000	-26.6508	-62.7037	0
351000	-6.37396	-14.9894	0
352000	-12.3368	-28.701	0
353000	-17.0827	-39.8608	0
354000	0.403548	0.949815	0
355000	-0.409837	-0.972087	0
356000	-8.83796	-21.0882	0
357000	0.693909	1.66121	0
358000	0.461137	1.10798	0
359000	0.0600298	0.144334	0
360000	0.746145	1.79174	0
361000	1.20883	2.84273	0
362000	-0.371481	-0.873783	0
363000	0.347204	0.822451	0
364000	-0.393499	-0.926191	0
365000	-0.443462	-1.03865	0
366000	0.157622	0.369911	0
367000	-6.36926	-14.8907	0
368000	1.12684	2.6203	0
369000	-0.00984123	-0.0227758	0
370000	0.228824	0.525697	0
371000	-0.367405	-0.83938	0
372000	0.135396	0.310621	0
373000	0.331524	0.764135	0
374000	-0.182098	-1.94849	0
375000	-0.240772	-0.544463	0
376000	-0.083986	-0.188814	0
377000	0.449074	1.00271	0
378000	0.170787	0.376704	0
379000	-8.38177	-18.2586	0
380000	-0.0407331	-0.0891067	0
381000	0.821533	1.81971	0
382000	0.934381	2.02148	0
383000	0.303828	0.657559	0
384000	-26.2305	-57.6165	0
385000	1.12927	2.49334	0
386000	0.14795	0.326704	0
387000	0.95247	2.0987	0
388000	-0.202809	-0.44508	0
389000	-13.464	-29.5143	0
390000	1.01446	2.2153	0
391000	0.351617	0.767842	0
392000	-10.909	-23.7226	0
393000	0.324043	0.700156	0
394000	-0.259314	-0.562641	0
395000	-17.5106	-38.0506	0
396000	0.518927	1.11961	0
397000	-0.166623	-0.358619	0
398000	-3.27986	-6.9231	0
399000	-0.00563088	-0.011929	0
400000	-99.7116	-211.558	0
401000	-44.3522	-92.5713	0
402000	-37.6644	-78.4766	0
403000	-153.961	-313.531	0
404000	-118.069	-235.271	0
405000	-154.954	-307.414	0
406000	-181.09	-358.486	0
407000	-218.078	-430.912	0
408000	-153.214	-295.513	0
409000	-37.1711	-68.34	0
410000	-0.13248	-0.24404	0
411000	-0.499871	-0.919642	0
412000	-14.9332	-27.0641	0
413000	-35.6941	-64.4832	0
414000	-81.3697	-147.228	0
415000	-132.597	-239.737	0
416000	-160.952	-292.394	0
417000	-166.247	-297.136	0
418000	-111.572	-197.094	0
419000	-101.88	-176.727	0
420000	-107.224	-180.935	0
421000	-132.23	-220.227	0
422000	-155.262	-251.402	0
423000	-170.378	-274.025	0
424000	-171.228	-271.469	0
425000	-150.878	-234.77	0
426000	-164.406	-255.222	0
427000	-251.884	-383.076	0
428000	-289.853	-434.803	0
429000	-335.264	-489.827	0
430000	-265.881	-377.662	0
431000	-278.785	-394.785	0
432000	-290.339	-402.32	0
433000	-268.401	-366.626	0
434000	-283.068	-384.018	0
435000	-255.144	-335.038	0
436000	-215.42	-277.534	0
437000	-237.596	-303.168	0
438000	-234.314	-292.324	0
439000	-207.969	-255.012	0
440000	-216.012	-262.212	0
441000	-220.102	-262.575	0
442000	-219.433	-261.005	0
443000	-237.873	-281.497	0
444000	-229.14	-269.674	0
445000	-240.954	-285.283	0
446000	-259.625	-305.288	0
447000	-251.747	-297.363	0
448000	-259.395	-305.586	0
449000	-254.236	-298.734	0
450000	-241.382	-284.654	0
451000	-232.893	-272.252	0
452000	-241.686	-281.03	0
453000	-233.018	-265.628	0
454000	-211.885	-239.406	0
455000	-217.141	-247.701	0
456000	-204.837	-230.206	0
457000	-194.437	-218.559	0
458000	-203.695	-229.379	0
459000	-190.201	-212.54	0
460000	-178.099	-198.703	0
461000	-174.67	-196.193	0
462000	-184.657	-207.068	0
463000	-194.712	-220.664	0
464000	-205.845	-233.581	0
465000	-196.054	-219.013	0
466000	-200.501	-222.631	0
467000	-203.283	-222.406	0
468000	-199.764	-218.885	0
469000	-201.874	-223.556	0
470000	-187.852	-214.833	0
471000	-194.02	-222.943	0
472000	-194.497	-226.039	0
473000	-185.527	-216.997	0
474000	-184.556	-217.617	0
475000	-189.137	-227.426	0
476000	-187.929	-228.374	0
477000	-186.107	-231.481	0
478000	-191.605	-241.177	0
479000	-202.694	-248.605	0
480000	-206.57	-253.215	0
481000	-214.44	-262.846	0
482000	-223.109	-259.794	0
483000	-221.901	-251.499	0
484000	-221.422	-246.631	0
485000	-214.953	-233.202	0
486000	-220.466	-223.325	0
487000	-219.205	-215.146	0
488000	-219.874	-220.416	0
489000	-221.385	-228.522	0
490000	-224.799	-226.141	0
491000	-226.506	-225.761	0
492000	-225.23	-221.365	0
493000	-222.522	-227.001	0
494000	-224.012	-220.672	0
495000	-224.771	-221.716	0
496000	-217.386	-225.783	0
497000	-220.126	-231.617	0
498000	-221	-223.932	0
499000	-217.548	-220.714	0
500000	-221.037	-222.032	0
501000	-223.802	-227.098	0
502000	-222.644	-226.382	0
503000	-224.847	-225.083	0
504000	-223.625	-230.049	0
505000	-220.419	-220.733	0
506000	-223.179	-222.513	0
507000	-224.354	-229.9	0
508000	-222.851	-225.424	0
509000	-223.148	-221.736	0
510000	-222.682	-224.461	0
511000	-225.492	-228.079	0
512000	-224.313	-230.187	0
513000	-221.441	-228.033	0
514000	-221.002	-221.866	0
515000	-218.7	-213.697	0
516000	-222.059	-219.266	0
517000	-221.65	-227.294	0
518000	-222.147	-230.391	0
519000	-224.036	-226.485	0
520000	-223.615	-219.923	0
521000	-217.619	-214.778	0
522000	-218.518	-211.976	0
523000	-214.463	-214.41	0
524000	-218.143	-213.474	0
525000	-218.311	-211.431	0
526000	-219.085	-215.407	0
527000	-221.603	-218.169	0
528000	-222.708	-220.809	0
529000	-221.549	-223.683	0
530000	-218.736	-224.836	0
531000	-218.725	-212.689	0
532000	-219.14	-208.461	0
533000	-214.017	-209.555	0
534000	-218.443	-215.54	0
535000	-218.283	-217.792	0
536000	-222.034	-220.497	0
537000	-221.529	-219.362	0
538000	-221.098	-221.551	0
539000	-219.471	-218.266	0
540000	-215.236	-214.882	0
541000	-219.93	-215.449	0
542000	-218.168	-215.313	0
543000	-216.683	-213.722	0
544000	-222.53	-214.131	0
545000	-221.236	-220.516	0
546000	-217.611	-220.712	0
547000	-221.152	-221.177	0
548000	-219.26	-222.135	0
549000	-211.139	-214.074	0
550000	-213.615	-209.029	0
551000	-215.473	-211.742	0
552000	-220.123	-223.3	0
553000	-213.589	-210.895	0
554000	-221.368	-214.053	0
555000	-215.731	-214.542	0
556000	-211.815	-217.456	0
557000	-221.006	-222.412	0
558000	-219.009	-217.223	0
559000	-218.722	-222.053	0
560000	-219.516	-217.625	0
561000	-220.36	-220.902	0
562000	-227.601	-222.659	0
563000	-208.337	-208.345	0
564000	-206.149	-215.553	0
565000	-206.616	-217.521	0
566000	-205.318	-212.542	0
567000	-210.384	-214.892	0
568000	-209.825	-212.667	0
569000	-211.285	-214.474	0
570000	-214.561	-218.605	0
571000	-204.759	-215.907	0
572000	-207.819	-215.322	0
573000	-211.498	-224.573	0
574000	-206.834	-215.45	0
575000	-214.333	-217.481	0
576000	-208.999	-212.135	0
577000	-207.676	-212.596	0
578000	-206.141	-215.427	0
579000	-207.978	-220.785	0
580000	-209.278	-215.717	0
581000	-210.419	-214.68	0
582000	-213.008	-211.676	0
583000	-208.357	-219.481	0
584000	-205.535	-217.063	0
585000	-202.68	-211.691	0
586000	-205.409	-214.539	0
587000	-213.108	-218.023	0
588000	-212.377	-212.624	0
589000	-206.805	-218.289	0
590000	-200.116	-211.526	0
591000	-205.284	-216.858	0
592000	-206.943	-220.905	0
593000	-210.266	-216.3	0
594000	-207.849	-210.472	0
595000	-208.708	-211.885	0
596000	-207.926	-216.039	0
597000	-216.009	-220.721	0
598000	-206.903	-214.825	0
599000	-202.329	-219.767	0
600000	-207.768	-214.791	0
601000	-211.735	-219.514	0
602000	-205.278	-217.25	0
603000	-207.745	-211.536	0
604000	-205.245	-211.491	0
605000	-207.951	-219.57	0
606000	-209.002	-213.537	0
607000	-208.391	-217.517	0
608000	-205.216	-214.615	0
609000	-209.37	-219.733	0
610000	-210.934	-222.777	0
611000	-207.595	-214.461	0
612000	-205.866	-212.88	0
613000	-211.972	-217.419	0
614000	-207.772	-218.995	0
615000	-208.503	-216.109	0
616000	-210.41	-214.758	0
617000	-206.523	-218.101	0
618000	-208.13	-222.726	0
619000	-208.458	-214.354	0
620000	-210.164	-219.648	0
621000	-203.936	-217.462	0
622000	-209.268	-213.272	0
623000	-206.027	-218.42	0
624000	-209.373	-218.595	0
625000	-209.189	-214.322	0
626000	-206.967	-218.282	0
627000	-209.844	-220.661	0
628000	-207.844	-214.534	0
629000	-208.042	-220.192	0
630000	-208.472	-215.557	0
631000	-208.066	-212.865	0
632000	-208.306	-219.605	0
633000	-207.338	-217.668	0
634000	-209.896	-215.161	0
635000	-206.902	-218.112	0
636000	-208.941	-219.669	0
637000	-209.901	-215.5	0
638000	-207.239	-217.928	0
639000	-206.426	-216.304	0
640000	-208.537	-217.919	0
641000	-207.816	-215.878	0
642000	-210.599	-218.22	0
643000	-208.666	-217.092	0
644000	-208.558	-219.505	0
645000	-207.894	-218.248	0
646000	-208.833	-218.063	0
647000	-210.118	-219.429	0
648000	-206.391	-216.095	0
649000	-208.788	-217.437	0
650000	-209.103	-216.683	0
651000	-208.785	-220.484	0
652000	-209.881	-219.103	0
653000	-211.074	-217.592	0
654000	-207.829	-219.032	0
655000	-210.273	-217.045	0
656000	-208.83	-216.573	0
657000	-207.465	-215.969	0
658000	-211.263	-218.938	0
659000	-207.952	-217.874	0
660000	-210.134	-218.373	0
661000	-211.797	-216.235	0
662000	-207.927	-218.44	0
663000	-210.314	-220.415	0
664000	-209.666	-214.898	0
665000	-208.458	-215.231	0
666000	-209.458	-215.964	0
667000	-208.028	-216.818	0
668000	-212.088	-218.935	0
669000	-208.305	-217.483	0
670000	-209.626	-217.627	0
671000	-212.666	-219.079	0
672000	-209.095	-215.497	0
673000	-208.79	-217.017	0
674000	-208.557	-215.968	0
675000	-210.495	-217.323	0
676000	-209.228	-217.472	0
677000	-209.89	-217.432	0
678000	-210.149	-216.203	0
679000	-208.792	-216.819	0
680000	-210.978	-220.9	0
681000	-209.65	-217.567	0
682000	-209.623	-215.457	0
683000	-208.907	-214.972	0
684000	-209.019	-216.891	0
685000	-211.456	-219.835	0
686000	-209.335	-217.947	0
687000	-209.397	-216.746	0
688000	-210.649	-217.299	0
689000	-209.427	-218.28	0
690000	-210.978	-217.291	0
691000	-209.966	-217.503	0
692000	-207.232	-215.772	0
693000	-210.952	-218.67	0
694000	-210.596	-215.893	0
695000	-208.637	-218.437	0
696000	-211.23	-218.196	0
697000	-209.399	-217.002	0
698000	-209.333	-220.497	0
699000	-210.937	-216.058	0
700000	-210.047	-214.495	0
701000	-209.442	-219.636	0
702000	-210.239	-217.679	0
703000	-209.409	-215.843	0
704000	-209.443	-220.896	0
705000	-210.368	-215.318	0
706000	-210.595	-216.769	0
707000	-209.636	-220.001	0
708000	-211.371	-217.708	0
709000	-208.678	-216.417	0
710000	-209.401	-217.764	0
711000	-210.908	-217.438	0
712000	-210.369	-218.032	0
713000	-208.726	-217.476	0
714000	-209.408	-216.74	0
715000	-211.682	-219.447	0
716000	-208.279	-218.37	0
717000	-211.072	-216.072	0
718000	-211.423	-216.755	0
719000	-208.636	-219.508	0
720000	-209.969	-218.192	0
721000	-210.509	-216.665	0
722000	-210.067	-221.543	0
723000	-205.914	-211.469	0
724000	-212.192	-217.337	0
725000	-209.532	-222.242	0
726000	-211.715	-218.049	0
727000	-209.405	-213.428	0
728000	-208.33	-221.414	0
729000	-211.423	-219.081	0
730000	-210.204	-218.978	0
731000	-209.072	-219.307	0
732000	-209.569	-215.161	0
733000	-208.002	-217.064	0
734000	-209.917	-220.326	0
735000	-207.903	-214.111	0
736000	-210.33	-218.185	0
737000	-210.807	-221.872	0
738000	-208.354	-216.994	0
739000	-212.906	-219.992	0
740000	-208.908	-218.87	0
741000	-209.137	-214.843	0
742000	-211.165	-220.433	0
743000	-208.863	-217.446	0
744000	-209.885	-217.679	0
745000	-210.18	-218.391	0
746000	-210.77	-218.489	0
747000	-208.913	-218.496	0
748000	-210.169	-218.755	0
749000	-210.02	-219.5	0
750000	-207.082	-218.106	0
751000	-210.561	-216.564	0
752000	-209.414	-217.071	0
753000	-207.537	-219.24	0
754000	-211.126	-216.686	0
755000	-210.027	-220.776	0
756000	-209.809	-219.796	0
757000	-210.527	-215.818	0
758000	-212.097	-220.319	0
759000	-207.424	-219.291	0
760000	-210.508	-216.52	0
761000	-210.836	-218.978	0
762000	-207.33	-219.625	0
763000	-212.102	-217.369	0
764000	-210.416	-220.182	0
765000	-209.245	-220.177	0
766000	-208.733	-218.287	0
767000	-210.717	-219.281	0
768000	-208.184	-218.84	0
769000	-207.958	-214.989	0
770000	-212.147	-219.125	0
771000	-208.658	-220.705	0
772000	-209.254	-219.266	0
773000	-212.306	-219.597	0
774000	-209.709	-220.378	0
775000	-208.707	-217.902	0
776000	-211.058	-216.723	0
777000	-209.422	-220.082	0
778000	-208.398	-218.111	0
779000	-211.698	-217.79	0
780000	-210.658	-221.774	0
781000	-209.329	-218.601	0
782000	-210.186	-219.073	0
783000	-210.101	-219.43	0
784000	-208.823	-219.762	0
785000	-209.546	-217.296	0
786000	-209.216	-218.253	0
787000	-208.534	-217.207	0
788000	-210.298	-219.709	0
789000	-209.884	-220.152	0
790000	-210.413	-218.996	0
791000	-210.556	-220.878	0
792000	-209.932	-219.319	0
793000	-211.043	-218.268	0
794000	-209.11	-218.466	0
795000	-210.046	-219.298	0
796000	-209.53	-217.765	0
797000	-209.374	-218.612	0
798000	-210.918	-220.024	0
799000	-209.075	-219.381	0
800000	-210.512	-219.218	0
